timestamp,open,high,low,close,volume,funding_rate,fear_greed,forecast,confidence,regime,strategy,total_portfolio_value,previous_allocation,allocation_change,approved_rebalance,succcess_execute_portfolio_rebalance,postRebalance_total_value,postRebalance_current_allocation,debug_info.error,debug_info.regime,debug_info.forecast_delta,debug_info.regime_scores,debug_info.regime_margin,debug_info.bars_in_regime,debug_approve_allocation_change.symbol,debug_approve_allocation_change.time,debug_execute_portfolio_rebalance.symbol,debug_execute_portfolio_rebalance.price,debug_execute_portfolio_rebalance.quantity,debug_execute_portfolio_rebalance.trade_type,balances.USDT.free,balances.USDT.locked,balances.BTCUSDT.free,balances.BTCUSDT.locked,postRebalance_balances.USDT.free,postRebalance_balances.USDT.locked,postRebalance_balances.BTCUSDT.free,postRebalance_balances.BTCUSDT.locked,debug_info.components.keltner.last_history_value,debug_info.components.keltner.post_pipeline_value,debug_info.components.keltner.weight_normalized,debug_info.components.keltner.weighted_contribution,debug_approve_allocation_change.controls.max_allocation_change.passed,debug_approve_allocation_change.controls.min_allocation_change.passed
2024-06-01 00:00:00,67540.01,67703.89,67507.39,67655.66,569.87074,0.0001,72,0.0,0.0,NOT_READY,,1000.0,0.0,0.0,,,1000.0,0.0,Strategy not ready,,,,,,,,,,,,990.2655526746503,0.0,0.0,0.0,990.2655526746503,0.0,0.0,0.0,,,,,,
2024-06-01 01:00:00,67655.66,67710.29,67428.44,67560.0,566.55975,0.0001,72,0.0,0.0,NOT_READY,,1000.0,0.0,0.0,,,1000.0,0.0,Strategy not ready,,,,,,,,,,,,990.2655526746503,0.0,0.0,0.0,990.2655526746503,0.0,0.0,0.0,,,,,,
2024-06-01 02:00:00,67560.0,67740.0,67546.52,67729.05,327.71958,0.0001,72,0.0,0.0,NOT_READY,,1000.0,0.0,0.0,,,1000.0,0.0,Strategy not ready,,,,,,,,,,,,990.2655526746503,0.0,0.0,0.0,990.2655526746503,0.0,0.0,0.0,,,,,,
2024-06-01 03:00:00,67729.05,67757.14,67623.24,67715.31,313.20132,0.0001,72,0.0,0.0,NOT_READY,,1000.0,0.0,0.0,,,1000.0,0.0,Strategy not ready,,,,,,,,,,,,990.2655526746503,0.0,0.0,0.0,990.2655526746503,0.0,0.0,0.0,,,,,,
2024-06-01 04:00:00,67715.31,67763.81,67656.0,67680.01,315.96397,0.0001,72,0.0,0.0,NOT_READY,,1000.0,0.0,0.0,,,1000.0,0.0,Strategy not ready,,,,,,,,,,,,990.2655526746503,0.0,0.0,0.0,990.2655526746503,0.0,0.0,0.0,,,,,,
2024-06-01 05:00:00,67680.01,67810.0,67603.0,67686.35,316.72396,0.0001,72,0.0,0.0,NOT_READY,,1000.0,0.0,0.0,,,1000.0,0.0,Strategy not ready,,,,,,,,,,,,990.2655526746503,0.0,0.0,0.0,990.2655526746503,0.0,0.0,0.0,,,,,,
2024-06-01 06:00:00,67686.35,67729.87,67607.94,67693.32,266.23887,0.0001,72,0.0,0.0,NOT_READY,,1000.0,0.0,0.0,,,1000.0,0.0,Strategy not ready,,,,,,,,,,,,990.2655526746503,0.0,0.0,0.0,990.2655526746503,0.0,0.0,0.0,,,,,,
2024-06-01 07:00:00,67693.32,67733.01,67575.23,67632.08,351.80708,0.0001,72,0.0,0.0,NOT_READY,,1000.0,0.0,0.0,,,1000.0,0.0,Strategy not ready,,,,,,,,,,,,990.2655526746503,0.0,0.0,0.0,990.2655526746503,0.0,0.0,0.0,,,,,,
2024-06-01 08:00:00,67632.07,67741.06,67611.61,67704.0,376.4478,0.0001,72,0.0,0.0,NOT_READY,,1000.0,0.0,0.0,,,1000.0,0.0,Strategy not ready,,,,,,,,,,,,990.2655526746503,0.0,0.0,0.0,990.2655526746503,0.0,0.0,0.0,,,,,,
2024-06-01 09:00:00,67704.0,67760.0,67635.0,67706.69,349.38935,0.0001,72,0.0,0.0,NOT_READY,,1000.0,0.0,0.0,,,1000.0,0.0,Strategy not ready,,,,,,,,,,,,990.2655526746503,0.0,0.0,0.0,990.2655526746503,0.0,0.0,0.0,,,,,,
2024-06-01 10:00:00,67706.69,67750.0,67627.32,67627.33,317.62668,0.0001,72,0.0,0.0,NOT_READY,,1000.0,0.0,0.0,,,1000.0,0.0,Strategy not ready,,,,,,,,,,,,990.2655526746503,0.0,0.0,0.0,990.2655526746503,0.0,0.0,0.0,,,,,,
2024-06-01 11:00:00,67627.33,67694.0,67627.32,67660.57,249.68951,0.0001,72,0.0,0.0,NOT_READY,,1000.0,0.0,0.0,,,1000.0,0.0,Strategy not ready,,,,,,,,,,,,990.2655526746503,0.0,0.0,0.0,990.2655526746503,0.0,0.0,0.0,,,,,,
2024-06-01 12:00:00,67660.57,67872.5,67640.0,67717.76,408.2284,0.0001,72,0.0,0.0,NOT_READY,,1000.0,0.0,0.0,,,1000.0,0.0,Strategy not ready,,,,,,,,,,,,990.2655526746503,0.0,0.0,0.0,990.2655526746503,0.0,0.0,0.0,,,,,,
2024-06-01 13:00:00,67717.76,67837.0,67714.28,67720.01,419.26976,0.0001,72,0.0,0.0,NOT_READY,,1000.0,0.0,0.0,,,1000.0,0.0,Strategy not ready,,,,,,,,,,,,990.2655526746503,0.0,0.0,0.0,990.2655526746503,0.0,0.0,0.0,,,,,,
2024-06-01 14:00:00,67720.01,67870.0,67673.0,67803.34,379.0052,0.0001,72,0.0,0.0,NOT_READY,,1000.0,0.0,0.0,,,1000.0,0.0,Strategy not ready,,,,,,,,,,,,990.2655526746503,0.0,0.0,0.0,990.2655526746503,0.0,0.0,0.0,,,,,,
2024-06-01 15:00:00,67803.33,67824.0,67668.01,67691.28,321.49058,0.0001,72,0.0,0.0,NOT_READY,,1000.0,0.0,0.0,,,1000.0,0.0,Strategy not ready,,,,,,,,,,,,990.2655526746503,0.0,0.0,0.0,990.2655526746503,0.0,0.0,0.0,,,,,,
2024-06-01 16:00:00,67691.28,67719.99,67612.0,67700.01,304.8731,0.0001,72,0.0,0.0,NOT_READY,,1000.0,0.0,0.0,,,1000.0,0.0,Strategy not ready,,,,,,,,,,,,990.2655526746503,0.0,0.0,0.0,990.2655526746503,0.0,0.0,0.0,,,,,,
2024-06-01 17:00:00,67700.01,67900.0,67556.72,67791.02,1177.16281,0.0001025,72,0.0,0.0,NOT_READY,,1000.0,0.0,0.0,,,1000.0,0.0,Strategy not ready,,,,,,,,,,,,990.2655526746503,0.0,0.0,0.0,990.2655526746503,0.0,0.0,0.0,,,,,,
2024-06-01 18:00:00,67791.02,67821.73,67726.32,67750.71,277.11069,0.0001025,72,0.0,0.0,NOT_READY,,1000.0,0.0,0.0,,,1000.0,0.0,Strategy not ready,,,,,,,,,,,,990.2655526746503,0.0,0.0,0.0,990.2655526746503,0.0,0.0,0.0,,,,,,
2024-06-01 19:00:00,67750.7,67782.64,67685.72,67753.76,174.52798,0.0001025,72,0.0,0.0,NOT_READY,,1000.0,0.0,0.0,,,1000.0,0.0,Strategy not ready,,,,,,,,,,,,990.2655526746503,0.0,0.0,0.0,990.2655526746503,0.0,0.0,0.0,,,,,,
2024-06-01 20:00:00,67753.76,67796.54,67700.0,67796.54,337.18395,0.0001025,72,0.0,0.0,NOT_READY,,1000.0,0.0,0.0,,,1000.0,0.0,Strategy not ready,,,,,,,,,,,,990.2655526746503,0.0,0.0,0.0,990.2655526746503,0.0,0.0,0.0,,,,,,
2024-06-01 21:00:00,67796.54,67820.2,67713.23,67760.01,290.36113,0.0001025,72,0.0,0.0,NOT_READY,,1000.0,0.0,0.0,,,1000.0,0.0,Strategy not ready,,,,,,,,,,,,990.2655526746503,0.0,0.0,0.0,990.2655526746503,0.0,0.0,0.0,,,,,,
2024-06-01 22:00:00,67760.01,67885.0,67710.0,67765.4,263.4495,0.0001025,72,0.0,0.0,NOT_READY,,1000.0,0.0,0.0,,,1000.0,0.0,Strategy not ready,,,,,,,,,,,,990.2655526746503,0.0,0.0,0.0,990.2655526746503,0.0,0.0,0.0,,,,,,
2024-06-01 23:00:00,67765.41,67819.78,67723.0,67766.85,163.75962,0.0001025,72,0.0,0.0,NOT_READY,,1000.0,0.0,0.0,,,1000.0,0.0,Strategy not ready,,,,,,,,,,,,990.2655526746503,0.0,0.0,0.0,990.2655526746503,0.0,0.0,0.0,,,,,,
2024-06-02 00:00:00,67766.84,67910.55,67744.0,67889.0,298.77105,0.0001,73,0.0,0.0,NOT_READY,,1000.0,0.0,0.0,,,1000.0,0.0,Strategy not ready,,,,,,,,,,,,990.2655526746503,0.0,0.0,0.0,990.2655526746503,0.0,0.0,0.0,,,,,,
2024-06-02 01:00:00,67888.99,67900.0,67710.0,67755.0,408.0762,0.0001,73,0.0,0.0,NOT_READY,,1000.0,0.0,0.0,,,1000.0,0.0,Strategy not ready,,,,,,,,,,,,990.2655526746503,0.0,0.0,0.0,990.2655526746503,0.0,0.0,0.0,,,,,,
2024-06-02 02:00:00,67755.0,67815.0,67643.33,67733.26,340.27499,0.0001,73,0.0,0.0,NOT_READY,,1000.0,0.0,0.0,,,1000.0,0.0,Strategy not ready,,,,,,,,,,,,990.2655526746503,0.0,0.0,0.0,990.2655526746503,0.0,0.0,0.0,,,,,,
2024-06-02 03:00:00,67733.25,67807.99,67726.31,67789.47,240.10946,0.0001,73,0.0,0.0,NOT_READY,,1000.0,0.0,0.0,,,1000.0,0.0,Strategy not ready,,,,,,,,,,,,990.2655526746503,0.0,0.0,0.0,990.2655526746503,0.0,0.0,0.0,,,,,,
2024-06-02 04:00:00,67789.48,67852.63,67745.18,67852.62,179.28516,0.0001,73,0.0,0.0,NOT_READY,,1000.0,0.0,0.0,,,1000.0,0.0,Strategy not ready,,,,,,,,,,,,990.2655526746503,0.0,0.0,0.0,990.2655526746503,0.0,0.0,0.0,,,,,,
2024-06-02 05:00:00,67852.62,67867.6,67728.4,67728.4,208.19005,0.0001,73,0.0,0.0,NOT_READY,,1000.0,0.0,0.0,,,1000.0,0.0,Strategy not ready,,,,,,,,,,,,990.2655526746503,0.0,0.0,0.0,990.2655526746503,0.0,0.0,0.0,,,,,,
2024-06-02 06:00:00,67728.41,67852.33,67724.6,67841.09,326.57495,0.0001,73,0.0,0.0,NOT_READY,,1000.0,0.0,0.0,,,1000.0,0.0,Strategy not ready,,,,,,,,,,,,990.2655526746503,0.0,0.0,0.0,990.2655526746503,0.0,0.0,0.0,,,,,,
2024-06-02 07:00:00,67841.09,67842.91,67720.41,67721.0,342.48176,0.0001,73,0.0,0.0,NOT_READY,,1000.0,0.0,0.0,,,1000.0,0.0,Strategy not ready,,,,,,,,,,,,990.2655526746503,0.0,0.0,0.0,990.2655526746503,0.0,0.0,0.0,,,,,,
2024-06-02 08:00:00,67721.01,67812.57,67671.81,67750.67,357.78944,0.0001,73,0.0,0.0,NOT_READY,,1000.0,0.0,0.0,,,1000.0,0.0,Strategy not ready,,,,,,,,,,,,990.2655526746503,0.0,0.0,0.0,990.2655526746503,0.0,0.0,0.0,,,,,,
2024-06-02 09:00:00,67750.68,67772.65,67377.79,67529.99,1006.07274,0.0001,73,0.0,0.0,NOT_READY,,1000.0,0.0,0.0,,,1000.0,0.0,Strategy not ready,,,,,,,,,,,,990.2655526746503,0.0,0.0,0.0,990.2655526746503,0.0,0.0,0.0,,,,,,
2024-06-02 10:00:00,67530.0,67581.97,67367.2,67529.99,381.18834,0.0001,73,0.0,0.0,NOT_READY,,1000.0,0.0,0.0,,,1000.0,0.0,Strategy not ready,,,,,,,,,,,,990.2655526746503,0.0,0.0,0.0,990.2655526746503,0.0,0.0,0.0,,,,,,
2024-06-02 11:00:00,67530.0,68320.08,67492.6,68251.52,1213.972,0.0001,73,0.0,0.0,NOT_READY,,1000.0,0.0,0.0,,,1000.0,0.0,Strategy not ready,,,,,,,,,,,,990.2655526746503,0.0,0.0,0.0,990.2655526746503,0.0,0.0,0.0,,,,,,
2024-06-02 12:00:00,68251.53,68305.0,67852.24,67934.99,941.82256,0.0001,73,0.0,0.0,NOT_READY,,1000.0,0.0,0.0,,,1000.0,0.0,Strategy not ready,,,,,,,,,,,,990.2655526746503,0.0,0.0,0.0,990.2655526746503,0.0,0.0,0.0,,,,,,
2024-06-02 13:00:00,67934.99,68214.66,67800.0,68165.98,722.27646,0.0001,73,0.0,0.0,NOT_READY,,1000.0,0.0,0.0,,,1000.0,0.0,Strategy not ready,,,,,,,,,,,,990.2655526746503,0.0,0.0,0.0,990.2655526746503,0.0,0.0,0.0,,,,,,
2024-06-02 14:00:00,68165.97,68460.0,68073.65,68252.5,2085.25292,0.0001,73,0.0,0.0,NOT_READY,,1000.0,0.0,0.0,,,1000.0,0.0,Strategy not ready,,,,,,,,,,,,990.2655526746503,0.0,0.0,0.0,990.2655526746503,0.0,0.0,0.0,,,,,,
2024-06-02 15:00:00,68252.51,68297.12,68016.19,68142.17,465.81443,0.0001,73,0.0,0.0,NOT_READY,,1000.0,0.0,0.0,,,1000.0,0.0,Strategy not ready,,,,,,,,,,,,990.2655526746503,0.0,0.0,0.0,990.2655526746503,0.0,0.0,0.0,,,,,,
2024-06-02 16:00:00,68142.18,68200.0,67980.0,68103.63,440.2764,0.0001,73,0.0,0.0,NOT_READY,,1000.0,0.0,0.0,,,1000.0,0.0,Strategy not ready,,,,,,,,,,,,990.2655526746503,0.0,0.0,0.0,990.2655526746503,0.0,0.0,0.0,,,,,,
2024-06-02 17:00:00,68103.63,68103.64,67808.66,67879.28,1181.95687,0.0001,73,0.0,0.0,NOT_READY,,1000.0,0.0,0.0,,,1000.0,0.0,Strategy not ready,,,,,,,,,,,,990.2655526746503,0.0,0.0,0.0,990.2655526746503,0.0,0.0,0.0,,,,,,
2024-06-02 18:00:00,67879.27,67879.28,67456.88,67697.14,1480.43326,0.0001,73,0.0,0.0,NOT_READY,,1000.0,0.0,0.0,,,1000.0,0.0,Strategy not ready,,,,,,,,,,,,990.2655526746503,0.0,0.0,0.0,990.2655526746503,0.0,0.0,0.0,,,,,,
2024-06-02 19:00:00,67697.14,67798.0,67257.47,67736.95,1565.51294,0.0001,73,0.0,0.0,NOT_READY,,1000.0,0.0,0.0,,,1000.0,0.0,Strategy not ready,,,,,,,,,,,,990.2655526746503,0.0,0.0,0.0,990.2655526746503,0.0,0.0,0.0,,,,,,
2024-06-02 20:00:00,67736.95,67831.21,67577.65,67831.2,365.03156,0.0001,73,0.0,0.0,NOT_READY,,1000.0,0.0,0.0,,,1000.0,0.0,Strategy not ready,,,,,,,,,,,,990.2655526746503,0.0,0.0,0.0,990.2655526746503,0.0,0.0,0.0,,,,,,
2024-06-02 21:00:00,67831.21,67902.12,67755.0,67816.14,263.27949,0.0001,73,0.0,0.0,NOT_READY,,1000.0,0.0,0.0,,,1000.0,0.0,Strategy not ready,,,,,,,,,,,,990.2655526746503,0.0,0.0,0.0,990.2655526746503,0.0,0.0,0.0,,,,,,
2024-06-02 22:00:00,67816.13,67984.01,67809.96,67927.99,330.59344,0.0001,73,0.0,0.0,NOT_READY,,1000.0,0.0,0.0,,,1000.0,0.0,Strategy not ready,,,,,,,,,,,,990.2655526746503,0.0,0.0,0.0,990.2655526746503,0.0,0.0,0.0,,,,,,
2024-06-02 23:00:00,67928.0,67984.01,67765.62,67765.63,281.28882,0.0001,73,0.0,0.0,NOT_READY,,1000.0,0.0,0.0,,,1000.0,0.0,Strategy not ready,,,,,,,,,,,,990.2655526746503,0.0,0.0,0.0,990.2655526746503,0.0,0.0,0.0,,,,,,
2024-06-03 00:00:00,67765.62,67873.87,67612.48,67823.99,545.42052,0.0001,73,0.0,0.0,NOT_READY,,1000.0,0.0,0.0,,,1000.0,0.0,Strategy not ready,,,,,,,,,,,,990.2655526746503,0.0,0.0,0.0,990.2655526746503,0.0,0.0,0.0,,,,,,
2024-06-03 01:00:00,67824.0,68553.67,67823.8,68476.01,1377.62869,0.0001,73,0.0,0.0,NOT_READY,,1000.0,0.0,0.0,,,1000.0,0.0,Strategy not ready,,,,,,,,,,,,990.2655526746503,0.0,0.0,0.0,990.2655526746503,0.0,0.0,0.0,,,,,,
2024-06-03 02:00:00,68476.01,68793.97,68404.51,68416.08,1163.43425,0.0001,73,0.0,0.0,NOT_READY,,1000.0,0.0,0.0,,,1000.0,0.0,Strategy not ready,,,,,,,,,,,,990.2655526746503,0.0,0.0,0.0,990.2655526746503,0.0,0.0,0.0,,,,,,
2024-06-03 03:00:00,68416.09,68518.7,68201.0,68382.81,722.42687,0.0001,73,0.0,0.0,NOT_READY,,1000.0,0.0,0.0,,,1000.0,0.0,Strategy not ready,,,,,,,,,,,,990.2655526746503,0.0,0.0,0.0,990.2655526746503,0.0,0.0,0.0,,,,,,
2024-06-03 04:00:00,68382.8,68600.0,68285.29,68510.0,809.57781,0.0001,73,0.0,0.0,NOT_READY,,1000.0,0.0,0.0,,,1000.0,0.0,Strategy not ready,,,,,,,,,,,,990.2655526746503,0.0,0.0,0.0,990.2655526746503,0.0,0.0,0.0,,,,,,
2024-06-03 05:00:00,68510.0,68780.0,68441.16,68700.0,803.11096,0.0001,73,0.0,0.0,NOT_READY,,1000.0,0.0,0.0,,,1000.0,0.0,Strategy not ready,,,,,,,,,,,,990.2655526746503,0.0,0.0,0.0,990.2655526746503,0.0,0.0,0.0,,,,,,
2024-06-03 06:00:00,68699.99,69221.0,68632.01,69038.94,2491.91796,0.0001,73,0.0,0.0,NOT_READY,,1000.0,0.0,0.0,,,1000.0,0.0,Strategy not ready,,,,,,,,,,,,990.2655526746503,0.0,0.0,0.0,990.2655526746503,0.0,0.0,0.0,,,,,,
2024-06-03 07:00:00,69038.94,69179.62,68804.0,68906.7,1420.73895,0.0001,73,0.0,0.0,NOT_READY,,1000.0,0.0,0.0,,,1000.0,0.0,Strategy not ready,,,,,,,,,,,,990.2655526746503,0.0,0.0,0.0,990.2655526746503,0.0,0.0,0.0,,,,,,
2024-06-03 08:00:00,68906.7,69333.0,68906.69,69142.55,1257.93453,0.00014135,73,0.0,0.0,NOT_READY,,1000.0,0.0,0.0,,,1000.0,0.0,Strategy not ready,,,,,,,,,,,,990.2655526746503,0.0,0.0,0.0,990.2655526746503,0.0,0.0,0.0,,,,,,
2024-06-03 09:00:00,69142.54,69187.06,68913.72,69014.88,669.3308,0.00014135,73,0.0,0.0,NOT_READY,,1000.0,0.0,0.0,,,1000.0,0.0,Strategy not ready,,,,,,,,,,,,990.2655526746503,0.0,0.0,0.0,990.2655526746503,0.0,0.0,0.0,,,,,,
2024-06-03 10:00:00,69014.89,69186.79,68876.98,68907.99,1001.70426,0.00014135,73,0.0,0.0,NOT_READY,,1000.0,0.0,0.0,,,1000.0,0.0,Strategy not ready,,,,,,,,,,,,990.2655526746503,0.0,0.0,0.0,990.2655526746503,0.0,0.0,0.0,,,,,,
2024-06-03 11:00:00,68908.0,69248.99,68824.0,69080.0,897.94818,0.00014135,73,0.0,0.0,NOT_READY,,1000.0,0.0,0.0,,,1000.0,0.0,Strategy not ready,,,,,,,,,,,,990.2655526746503,0.0,0.0,0.0,990.2655526746503,0.0,0.0,0.0,,,,,,
2024-06-03 12:00:00,69080.0,69769.3,69075.4,69746.23,1886.90789,0.00014135,73,0.0,0.0,NOT_READY,,1000.0,0.0,0.0,,,1000.0,0.0,Strategy not ready,,,,,,,,,,,,990.2655526746503,0.0,0.0,0.0,990.2655526746503,0.0,0.0,0.0,,,,,,
2024-06-03 13:00:00,69746.23,70288.0,69521.04,69795.34,2750.0373,0.00014135,73,0.0,0.0,NOT_READY,,1000.0,0.0,0.0,,,1000.0,0.0,Strategy not ready,,,,,,,,,,,,990.2655526746503,0.0,0.0,0.0,990.2655526746503,0.0,0.0,0.0,,,,,,
2024-06-03 14:00:00,69795.33,70079.67,68500.0,68776.01,3731.05685,0.00014135,73,0.0,0.0,NOT_READY,,1000.0,0.0,0.0,,,1000.0,0.0,Strategy not ready,,,,,,,,,,,,990.2655526746503,0.0,0.0,0.0,990.2655526746503,0.0,0.0,0.0,,,,,,
2024-06-03 15:00:00,68776.01,69631.16,68760.0,69615.28,1863.02683,0.00014135,73,0.0,0.0,NOT_READY,,1000.0,0.0,0.0,,,1000.0,0.0,Strategy not ready,,,,,,,,,,,,990.2655526746503,0.0,0.0,0.0,990.2655526746503,0.0,0.0,0.0,,,,,,
2024-06-03 16:00:00,69615.27,69715.61,68899.89,69080.02,1608.62393,0.0001,73,0.0,0.0,NOT_READY,,1000.0,0.0,0.0,,,1000.0,0.0,Strategy not ready,,,,,,,,,,,,990.2655526746503,0.0,0.0,0.0,990.2655526746503,0.0,0.0,0.0,,,,,,
2024-06-03 17:00:00,69080.02,69389.92,68800.0,69268.97,786.0188,0.0001,73,0.0,0.0,NOT_READY,,1000.0,0.0,0.0,,,1000.0,0.0,Strategy not ready,,,,,,,,,,,,990.2655526746503,0.0,0.0,0.0,990.2655526746503,0.0,0.0,0.0,,,,,,
2024-06-03 18:00:00,69268.98,69444.49,69162.98,69288.41,653.12456,0.0001,73,0.0,0.0,NOT_READY,,1000.0,0.0,0.0,,,1000.0,0.0,Strategy not ready,,,,,,,,,,,,990.2655526746503,0.0,0.0,0.0,990.2655526746503,0.0,0.0,0.0,,,,,,
2024-06-03 19:00:00,69288.41,69296.68,69021.77,69204.0,668.6234,0.0001,73,0.0,0.0,NOT_READY,,1000.0,0.0,0.0,,,1000.0,0.0,Strategy not ready,,,,,,,,,,,,990.2655526746503,0.0,0.0,0.0,990.2655526746503,0.0,0.0,0.0,,,,,,
2024-06-03 20:00:00,69204.0,69509.38,69101.27,69101.28,924.92879,0.0001,73,0.0,0.0,NOT_READY,,1000.0,0.0,0.0,,,1000.0,0.0,Strategy not ready,,,,,,,,,,,,990.2655526746503,0.0,0.0,0.0,990.2655526746503,0.0,0.0,0.0,,,,,,
2024-06-03 21:00:00,69101.28,69191.86,68899.51,69081.17,561.30151,0.0001,73,0.0,0.0,NOT_READY,,1000.0,0.0,0.0,,,1000.0,0.0,Strategy not ready,,,,,,,,,,,,990.2655526746503,0.0,0.0,0.0,990.2655526746503,0.0,0.0,0.0,,,,,,
2024-06-03 22:00:00,69081.17,69144.33,68810.0,69042.51,569.52117,0.0001,73,0.0,0.0,NOT_READY,,1000.0,0.0,0.0,,,1000.0,0.0,Strategy not ready,,,,,,,,,,,,990.2655526746503,0.0,0.0,0.0,990.2655526746503,0.0,0.0,0.0,,,,,,
2024-06-03 23:00:00,69042.51,69062.19,68730.51,68809.9,469.02919,0.0001,73,0.0,0.0,NOT_READY,,1000.0,0.0,0.0,,,1000.0,0.0,Strategy not ready,,,,,,,,,,,,990.2655526746503,0.0,0.0,0.0,990.2655526746503,0.0,0.0,0.0,,,,,,
2024-06-04 00:00:00,68809.89,69090.9,68629.9,69001.41,885.47608,0.00012008,73,0.0,0.0,NOT_READY,,1000.0,0.0,0.0,,,1000.0,0.0,Strategy not ready,,,,,,,,,,,,990.2655526746503,0.0,0.0,0.0,990.2655526746503,0.0,0.0,0.0,,,,,,
2024-06-04 01:00:00,69001.4,69215.41,68900.6,69215.4,495.15752,0.00012008,73,0.0,0.0,NOT_READY,,1000.0,0.0,0.0,,,1000.0,0.0,Strategy not ready,,,,,,,,,,,,990.2655526746503,0.0,0.0,0.0,990.2655526746503,0.0,0.0,0.0,,,,,,
2024-06-04 02:00:00,69215.41,69306.67,69080.8,69139.57,426.69517,0.00012008,73,0.0,0.0,NOT_READY,,1000.0,0.0,0.0,,,1000.0,0.0,Strategy not ready,,,,,,,,,,,,990.2655526746503,0.0,0.0,0.0,990.2655526746503,0.0,0.0,0.0,,,,,,
2024-06-04 03:00:00,69139.58,69370.01,69114.98,69170.22,388.66215,0.00012008,73,0.0,0.0,NOT_READY,,1000.0,0.0,0.0,,,1000.0,0.0,Strategy not ready,,,,,,,,,,,,990.2655526746503,0.0,0.0,0.0,990.2655526746503,0.0,0.0,0.0,,,,,,
2024-06-04 04:00:00,69170.22,69268.27,69057.12,69061.22,385.62215,0.00012008,73,0.0,0.0,NOT_READY,,1000.0,0.0,0.0,,,1000.0,0.0,Strategy not ready,,,,,,,,,,,,990.2655526746503,0.0,0.0,0.0,990.2655526746503,0.0,0.0,0.0,,,,,,
2024-06-04 05:00:00,69061.22,69156.16,68914.28,68956.01,450.12894,0.00012008,73,0.0,0.0,NOT_READY,,1000.0,0.0,0.0,,,1000.0,0.0,Strategy not ready,,,,,,,,,,,,990.2655526746503,0.0,0.0,0.0,990.2655526746503,0.0,0.0,0.0,,,,,,
2024-06-04 06:00:00,68956.01,69039.71,68745.68,68905.43,1152.10393,0.00012008,73,0.0,0.0,NOT_READY,,1000.0,0.0,0.0,,,1000.0,0.0,Strategy not ready,,,,,,,,,,,,990.2655526746503,0.0,0.0,0.0,990.2655526746503,0.0,0.0,0.0,,,,,,
2024-06-04 07:00:00,68905.43,69074.82,68894.21,69013.63,562.89903,0.00012008,73,0.0,0.0,NOT_READY,,1000.0,0.0,0.0,,,1000.0,0.0,Strategy not ready,,,,,,,,,,,,990.2655526746503,0.0,0.0,0.0,990.2655526746503,0.0,0.0,0.0,,,,,,
2024-06-04 08:00:00,69013.62,69191.99,68827.0,68836.54,719.36611,0.0001,73,0.0,0.0,NOT_READY,,1000.0,0.0,0.0,,,1000.0,0.0,Strategy not ready,,,,,,,,,,,,990.2655526746503,0.0,0.0,0.0,990.2655526746503,0.0,0.0,0.0,,,,,,
2024-06-04 09:00:00,68836.54,68890.01,68567.32,68717.92,1253.78456,0.0001,73,0.0,0.0,NOT_READY,,1000.0,0.0,0.0,,,1000.0,0.0,Strategy not ready,,,,,,,,,,,,990.2655526746503,0.0,0.0,0.0,990.2655526746503,0.0,0.0,0.0,,,,,,
2024-06-04 10:00:00,68717.92,68958.0,68701.83,68890.66,651.64527,0.0001,73,0.0,0.0,NOT_READY,,1000.0,0.0,0.0,,,1000.0,0.0,Strategy not ready,,,,,,,,,,,,990.2655526746503,0.0,0.0,0.0,990.2655526746503,0.0,0.0,0.0,,,,,,
2024-06-04 11:00:00,68890.66,69030.0,68841.87,68955.85,518.48705,0.0001,73,0.0,0.0,NOT_READY,,1000.0,0.0,0.0,,,1000.0,0.0,Strategy not ready,,,,,,,,,,,,990.2655526746503,0.0,0.0,0.0,990.2655526746503,0.0,0.0,0.0,,,,,,
2024-06-04 12:00:00,68955.84,69155.5,68843.73,68946.56,981.79689,0.0001,73,0.0,0.0,NOT_READY,,1000.0,0.0,0.0,,,1000.0,0.0,Strategy not ready,,,,,,,,,,,,990.2655526746503,0.0,0.0,0.0,990.2655526746503,0.0,0.0,0.0,,,,,,
2024-06-04 13:00:00,68946.56,69830.75,68946.55,69527.99,2310.51288,0.0001,73,0.0,0.0,NOT_READY,,1000.0,0.0,0.0,,,1000.0,0.0,Strategy not ready,,,,,,,,,,,,990.2655526746503,0.0,0.0,0.0,990.2655526746503,0.0,0.0,0.0,,,,,,
2024-06-04 14:00:00,69527.99,70089.99,69319.79,69651.49,3400.63908,0.0001,73,0.0,0.0,NOT_READY,,1000.0,0.0,0.0,,,1000.0,0.0,Strategy not ready,,,,,,,,,,,,990.2655526746503,0.0,0.0,0.0,990.2655526746503,0.0,0.0,0.0,,,,,,
2024-06-04 15:00:00,69651.49,70480.0,69463.83,70445.0,3308.73493,0.0001,73,0.0,0.0,NOT_READY,,1000.0,0.0,0.0,,,1000.0,0.0,Strategy not ready,,,,,,,,,,,,990.2655526746503,0.0,0.0,0.0,990.2655526746503,0.0,0.0,0.0,,,,,,
2024-06-04 16:00:00,70445.0,70999.0,70388.17,70800.0,3577.03841,0.0001,73,0.0,0.0,NOT_READY,,1000.0,0.0,0.0,,,1000.0,0.0,Strategy not ready,,,,,,,,,,,,990.2655526746503,0.0,0.0,0.0,990.2655526746503,0.0,0.0,0.0,,,,,,
2024-06-04 17:00:00,70800.0,70833.52,70360.4,70564.0,1477.20962,0.0001,73,0.0,0.0,NOT_READY,,1000.0,0.0,0.0,,,1000.0,0.0,Strategy not ready,,,,,,,,,,,,990.2655526746503,0.0,0.0,0.0,990.2655526746503,0.0,0.0,0.0,,,,,,
2024-06-04 18:00:00,70564.01,71063.45,70564.0,70693.67,2685.01525,0.0001,73,0.0,0.0,NOT_READY,,1000.0,0.0,0.0,,,1000.0,0.0,Strategy not ready,,,,,,,,,,,,990.2655526746503,0.0,0.0,0.0,990.2655526746503,0.0,0.0,0.0,,,,,,
2024-06-04 19:00:00,70693.67,70727.76,70092.5,70423.6,1513.09125,0.0001,73,0.0,0.0,NOT_READY,,1000.0,0.0,0.0,,,1000.0,0.0,Strategy not ready,,,,,,,,,,,,990.2655526746503,0.0,0.0,0.0,990.2655526746503,0.0,0.0,0.0,,,,,,
2024-06-04 20:00:00,70423.61,70550.0,70168.67,70402.69,676.26117,0.0001,73,0.0,0.0,NOT_READY,,1000.0,0.0,0.0,,,1000.0,0.0,Strategy not ready,,,,,,,,,,,,990.2655526746503,0.0,0.0,0.0,990.2655526746503,0.0,0.0,0.0,,,,,,
2024-06-04 21:00:00,70402.69,70630.08,70340.41,70620.0,560.36634,0.0001,73,0.0,0.0,NOT_READY,,1000.0,0.0,0.0,,,1000.0,0.0,Strategy not ready,,,,,,,,,,,,990.2655526746503,0.0,0.0,0.0,990.2655526746503,0.0,0.0,0.0,,,,,,
2024-06-04 22:00:00,70620.01,70736.0,70510.0,70561.3,756.17993,0.0001,73,0.0,0.0,NOT_READY,,1000.0,0.0,0.0,,,1000.0,0.0,Strategy not ready,,,,,,,,,,,,990.2655526746503,0.0,0.0,0.0,990.2655526746503,0.0,0.0,0.0,,,,,,
2024-06-04 23:00:00,70561.31,70610.0,70414.9,70537.84,482.91118,0.0001,73,0.0,0.0,NOT_READY,,1000.0,0.0,0.0,,,1000.0,0.0,Strategy not ready,,,,,,,,,,,,990.2655526746503,0.0,0.0,0.0,990.2655526746503,0.0,0.0,0.0,,,,,,
2024-06-05 00:00:00,70537.83,70900.0,70423.51,70776.0,1036.06996,0.0001,75,0.0,0.0,NOT_READY,,1000.0,0.0,0.0,,,1000.0,0.0,Strategy not ready,,,,,,,,,,,,990.2655526746503,0.0,0.0,0.0,990.2655526746503,0.0,0.0,0.0,,,,,,
2024-06-05 01:00:00,70775.99,71275.0,70646.16,70986.3,1527.72558,0.0001,75,0.0,0.0,NOT_READY,,1000.0,0.0,0.0,,,1000.0,0.0,Strategy not ready,,,,,,,,,,,,990.2655526746503,0.0,0.0,0.0,990.2655526746503,0.0,0.0,0.0,,,,,,
2024-06-05 02:00:00,70986.29,71140.3,70672.08,70837.96,1397.29959,0.0001,75,0.0,0.0,NOT_READY,,1000.0,0.0,0.0,,,1000.0,0.0,Strategy not ready,,,,,,,,,,,,990.2655526746503,0.0,0.0,0.0,990.2655526746503,0.0,0.0,0.0,,,,,,
2024-06-05 03:00:00,70837.96,70991.73,70768.0,70947.58,786.32991,0.0001,75,0.0,0.0,NOT_READY,,1000.0,0.0,0.0,,,1000.0,0.0,Strategy not ready,,,,,,,,,,,,990.2655526746503,0.0,0.0,0.0,990.2655526746503,0.0,0.0,0.0,,,,,,
2024-06-05 04:00:00,70947.58,71260.0,70826.15,71168.53,1358.27161,0.0001,75,0.0,0.0,NOT_READY,,1000.0,0.0,0.0,,,1000.0,0.0,Strategy not ready,,,,,,,,,,,,990.2655526746503,0.0,0.0,0.0,990.2655526746503,0.0,0.0,0.0,,,,,,
2024-06-05 05:00:00,71168.54,71196.0,70884.61,70999.99,804.58799,0.0001,75,0.0,0.0,NOT_READY,,1000.0,0.0,0.0,,,1000.0,0.0,Strategy not ready,,,,,,,,,,,,990.2655526746503,0.0,0.0,0.0,990.2655526746503,0.0,0.0,0.0,,,,,,
2024-06-05 06:00:00,70999.99,71150.0,70850.0,71119.05,1231.70706,0.0001,75,0.0,0.0,NOT_READY,,1000.0,0.0,0.0,,,1000.0,0.0,Strategy not ready,,,,,,,,,,,,990.2655526746503,0.0,0.0,0.0,990.2655526746503,0.0,0.0,0.0,,,,,,
2024-06-05 07:00:00,71119.06,71379.21,71032.6,71200.0,1297.93292,0.0001,75,0.0,0.0,NOT_READY,,1000.0,0.0,0.0,,,1000.0,0.0,Strategy not ready,,,,,,,,,,,,990.2655526746503,0.0,0.0,0.0,990.2655526746503,0.0,0.0,0.0,,,,,,
2024-06-05 08:00:00,71199.99,71243.6,70880.4,70927.57,1095.54386,0.00016387,75,0.0,0.0,unknown,,1000.0,0.0,0.0,,,1000.0,0.0,,unknown,0.0,{},,1.0,,,,,,,990.2655526746503,0.0,0.0,0.0,990.2655526746503,0.0,0.0,0.0,,,,,,
2024-06-05 09:00:00,70927.57,71032.08,70825.0,70894.19,758.70704,0.00016387,75,0.0,0.0,unknown,,1000.0,0.0,0.0,,,1000.0,0.0,,unknown,0.0,{},,2.0,,,,,,,990.2655526746503,0.0,0.0,0.0,990.2655526746503,0.0,0.0,0.0,,,,,,
2024-06-05 10:00:00,70894.2,70908.59,70725.03,70800.33,860.62926,0.00016387,75,0.0,0.0,unknown,,1000.0,0.0,0.0,,,1000.0,0.0,,unknown,0.0,{},,3.0,,,,,,,990.2655526746503,0.0,0.0,0.0,990.2655526746503,0.0,0.0,0.0,,,,,,
2024-06-05 11:00:00,70800.33,71093.96,70694.61,70971.71,740.4467,0.00016387,75,0.0,0.0,unknown,,1000.0,0.0,0.0,,,1000.0,0.0,,unknown,0.0,{},,4.0,,,,,,,990.2655526746503,0.0,0.0,0.0,990.2655526746503,0.0,0.0,0.0,,,,,,
2024-06-05 12:00:00,70971.7,71120.0,70652.6,70940.01,1417.83072,0.00016387,75,0.0,0.0,unknown,,1000.0,0.0,0.0,,,1000.0,0.0,,unknown,0.0,{},,5.0,,,,,,,990.2655526746503,0.0,0.0,0.0,990.2655526746503,0.0,0.0,0.0,,,,,,
2024-06-05 13:00:00,70940.01,71169.99,70588.0,70730.7,1685.4948,0.00016387,75,0.0,0.0,unknown,,1000.0,0.0,0.0,,,1000.0,0.0,,unknown,0.0,{},,6.0,,,,,,,990.2655526746503,0.0,0.0,0.0,990.2655526746503,0.0,0.0,0.0,,,,,,
2024-06-05 14:00:00,70730.7,71080.0,70383.66,70867.99,1853.41573,0.00016387,75,0.0,0.0,unknown,,1000.0,0.0,0.0,,,1000.0,0.0,,unknown,0.0,{},,7.0,,,,,,,990.2655526746503,0.0,0.0,0.0,990.2655526746503,0.0,0.0,0.0,,,,,,
2024-06-05 15:00:00,70867.99,71731.35,70775.0,71580.0,2767.85879,0.00016387,75,0.0,0.0,unknown,,1000.0,0.0,0.0,,,1000.0,0.0,,unknown,0.0,{},,8.0,,,,,,,990.2655526746503,0.0,0.0,0.0,990.2655526746503,0.0,0.0,0.0,,,,,,
2024-06-05 16:00:00,71580.01,71758.0,71268.0,71312.77,1520.33366,0.00013226,75,0.0,0.0,unknown,,1000.0,0.0,0.0,,,1000.0,0.0,,unknown,0.0,{},,9.0,,,,,,,990.2655526746503,0.0,0.0,0.0,990.2655526746503,0.0,0.0,0.0,,,,,,
2024-06-05 17:00:00,71312.78,71704.0,71231.48,71628.98,1367.90189,0.00013226,75,0.0,0.0,unknown,,1000.0,0.0,0.0,,,1000.0,0.0,,unknown,0.0,{},,10.0,,,,,,,990.2655526746503,0.0,0.0,0.0,990.2655526746503,0.0,0.0,0.0,,,,,,
2024-06-05 18:00:00,71628.98,71748.22,70895.15,71096.81,1778.53896,0.00013226,75,0.0,0.0,unknown,,1000.0,0.0,0.0,,,1000.0,0.0,,unknown,0.0,{},,11.0,,,,,,,990.2655526746503,0.0,0.0,0.0,990.2655526746503,0.0,0.0,0.0,,,,,,
2024-06-05 19:00:00,71096.8,71398.73,70871.2,71279.95,937.98536,0.00013226,75,0.0,0.0,unknown,,1000.0,0.0,0.0,,,1000.0,0.0,,unknown,0.0,{},,12.0,,,,,,,990.2655526746503,0.0,0.0,0.0,990.2655526746503,0.0,0.0,0.0,,,,,,
2024-06-05 20:00:00,71279.95,71357.68,71160.0,71196.02,699.46084,0.00013226,75,0.0,0.0,unknown,,1000.0,0.0,0.0,,,1000.0,0.0,,unknown,0.0,{},,13.0,,,,,,,990.2655526746503,0.0,0.0,0.0,990.2655526746503,0.0,0.0,0.0,,,,,,
2024-06-05 21:00:00,71196.02,71211.34,71036.31,71138.42,363.26274,0.00013226,75,0.0,0.0,unknown,,1000.0,0.0,0.0,,,1000.0,0.0,,unknown,0.0,{},,14.0,,,,,,,990.2655526746503,0.0,0.0,0.0,990.2655526746503,0.0,0.0,0.0,,,,,,
2024-06-05 22:00:00,71138.43,71274.11,71090.0,71144.86,381.44972,0.00013226,75,0.0,0.0,unknown,,1000.0,0.0,0.0,,,1000.0,0.0,,unknown,0.0,{},,15.0,,,,,,,990.2655526746503,0.0,0.0,0.0,990.2655526746503,0.0,0.0,0.0,,,,,,
2024-06-05 23:00:00,71144.85,71294.47,70700.0,71108.0,1034.39613,0.00013226,75,0.0,0.0,unknown,,1000.0,0.0,0.0,,,1000.0,0.0,,unknown,0.0,{},,16.0,,,,,,,990.2655526746503,0.0,0.0,0.0,990.2655526746503,0.0,0.0,0.0,,,,,,
2024-06-06 00:00:00,71108.0,71183.99,70955.99,71018.06,470.98831,0.0001,78,0.0,0.0,unknown,,1000.0,0.0,0.0,,,1000.0,0.0,,unknown,0.0,{},,17.0,,,,,,,990.2655526746503,0.0,0.0,0.0,990.2655526746503,0.0,0.0,0.0,,,,,,
2024-06-06 01:00:00,71018.06,71189.97,70900.0,71124.0,491.92883,0.0001,78,0.0,0.0,unknown,,1000.0,0.0,0.0,,,1000.0,0.0,,unknown,0.0,{},,18.0,,,,,,,990.2655526746503,0.0,0.0,0.0,990.2655526746503,0.0,0.0,0.0,,,,,,
2024-06-06 02:00:00,71124.01,71237.02,71103.7,71160.0,454.18419,0.0001,78,0.0,0.0,unknown,,1000.0,0.0,0.0,,,1000.0,0.0,,unknown,0.0,{},,19.0,,,,,,,990.2655526746503,0.0,0.0,0.0,990.2655526746503,0.0,0.0,0.0,,,,,,
2024-06-06 03:00:00,71160.01,71188.0,71012.34,71050.0,421.21498,0.0001,78,0.0,0.0,unknown,,1000.0,0.0,0.0,,,1000.0,0.0,,unknown,0.0,{},,20.0,,,,,,,990.2655526746503,0.0,0.0,0.0,990.2655526746503,0.0,0.0,0.0,,,,,,
2024-06-06 04:00:00,71050.0,71106.46,70909.7,71054.52,591.72521,0.0001,78,0.0,0.0,unknown,,1000.0,0.0,0.0,,,1000.0,0.0,,unknown,0.0,{},,21.0,,,,,,,990.2655526746503,0.0,0.0,0.0,990.2655526746503,0.0,0.0,0.0,,,,,,
2024-06-06 05:00:00,71054.51,71084.4,70800.0,70895.45,668.78311,0.0001,78,0.0,0.0,unknown,,1000.0,0.0,0.0,,,1000.0,0.0,,unknown,0.0,{},,22.0,,,,,,,990.2655526746503,0.0,0.0,0.0,990.2655526746503,0.0,0.0,0.0,,,,,,
2024-06-06 06:00:00,70895.45,71037.72,70804.0,70887.99,577.39715,0.0001,78,0.0,0.0,unknown,,1000.0,0.0,0.0,,,1000.0,0.0,,unknown,0.0,{},,23.0,,,,,,,990.2655526746503,0.0,0.0,0.0,990.2655526746503,0.0,0.0,0.0,,,,,,
2024-06-06 07:00:00,70888.0,71069.62,70853.23,71021.47,603.86899,0.0001,78,0.0,0.0,unknown,,1000.0,0.0,0.0,,,1000.0,0.0,,unknown,0.0,{},,24.0,,,,,,,990.2655526746503,0.0,0.0,0.0,990.2655526746503,0.0,0.0,0.0,,,,,,
2024-06-06 08:00:00,71021.46,71039.5,70862.5,70904.01,518.12755,0.0001,78,0.0,0.0,unknown,,1000.0,0.0,0.0,,,1000.0,0.0,,unknown,0.0,{},,25.0,,,,,,,990.2655526746503,0.0,0.0,0.0,990.2655526746503,0.0,0.0,0.0,,,,,,
2024-06-06 09:00:00,70904.01,71147.28,70904.0,70978.88,567.45225,0.00010438,78,0.0,0.0,unknown,,1000.0,0.0,0.0,,,1000.0,0.0,,unknown,0.0,{},,26.0,,,,,,,990.2655526746503,0.0,0.0,0.0,990.2655526746503,0.0,0.0,0.0,,,,,,
2024-06-06 10:00:00,70978.89,71000.0,70892.5,70988.0,426.66814,0.00010438,78,0.0,0.0,unknown,,1000.0,0.0,0.0,,,1000.0,0.0,,unknown,0.0,{},,27.0,,,,,,,990.2655526746503,0.0,0.0,0.0,990.2655526746503,0.0,0.0,0.0,,,,,,
2024-06-06 11:00:00,70988.01,71204.59,70935.01,71170.01,798.77919,0.00010438,78,0.0,0.0,unknown,,1000.0,0.0,0.0,,,1000.0,0.0,,unknown,0.0,{},,28.0,,,,,,,990.2655526746503,0.0,0.0,0.0,990.2655526746503,0.0,0.0,0.0,,,,,,
2024-06-06 12:00:00,71170.01,71443.6,71052.97,71187.17,1387.14463,0.00010438,78,0.0,0.0,unknown,,1000.0,0.0,0.0,,,1000.0,0.0,,unknown,0.0,{},,29.0,,,,,,,990.2655526746503,0.0,0.0,0.0,990.2655526746503,0.0,0.0,0.0,,,,,,
2024-06-06 13:00:00,71187.18,71535.95,71000.0,71123.09,1918.70297,0.00010438,78,0.0,0.0,unknown,,1000.0,0.0,0.0,,,1000.0,0.0,,unknown,0.0,{},,30.0,,,,,,,990.2655526746503,0.0,0.0,0.0,990.2655526746503,0.0,0.0,0.0,,,,,,
2024-06-06 14:00:00,71123.1,71520.0,71020.57,71464.57,1587.29162,0.00010438,78,0.0,0.0,unknown,,1000.0,0.0,0.0,,,1000.0,0.0,,unknown,0.0,{},,31.0,,,,,,,990.2655526746503,0.0,0.0,0.0,990.2655526746503,0.0,0.0,0.0,,,,,,
2024-06-06 15:00:00,71464.56,71700.0,71250.61,71300.0,1524.3121,0.00010438,78,0.0,0.0,unknown,,1000.0,0.0,0.0,,,1000.0,0.0,,unknown,0.0,{},,32.0,,,,,,,990.2655526746503,0.0,0.0,0.0,990.2655526746503,0.0,0.0,0.0,,,,,,
2024-06-06 16:00:00,71300.0,71379.93,70825.0,70948.95,2206.4127,0.0001177,78,0.0,0.0,unknown,,1000.0,0.0,0.0,,,1000.0,0.0,,unknown,0.0,{},,33.0,,,,,,,990.2655526746503,0.0,0.0,0.0,990.2655526746503,0.0,0.0,0.0,,,,,,
2024-06-06 17:00:00,70948.95,71225.01,70800.0,71098.31,1300.39004,0.0001177,78,0.0,0.0,unknown,,1000.0,0.0,0.0,,,1000.0,0.0,,unknown,0.0,{},,34.0,,,,,,,990.2655526746503,0.0,0.0,0.0,990.2655526746503,0.0,0.0,0.0,,,,,,
2024-06-06 18:00:00,71098.3,71158.87,70871.57,71075.0,591.43061,0.0001177,78,0.0,0.0,unknown,,1000.0,0.0,0.0,,,1000.0,0.0,,unknown,0.0,{},,35.0,,,,,,,990.2655526746503,0.0,0.0,0.0,990.2655526746503,0.0,0.0,0.0,,,,,,
2024-06-06 19:00:00,71075.0,71078.73,70450.0,70479.49,1416.32041,0.0001177,78,0.0,0.0,unknown,,1000.0,0.0,0.0,,,1000.0,0.0,,unknown,0.0,{},,36.0,,,,,,,990.2655526746503,0.0,0.0,0.0,990.2655526746503,0.0,0.0,0.0,,,,,,
2024-06-06 20:00:00,70479.49,70742.49,70117.64,70720.01,1649.2742,0.0001177,78,0.0,0.0,unknown,,1000.0,0.0,0.0,,,1000.0,0.0,,unknown,0.0,{},,37.0,,,,,,,990.2655526746503,0.0,0.0,0.0,990.2655526746503,0.0,0.0,0.0,,,,,,
2024-06-06 21:00:00,70720.01,70859.81,70667.0,70740.51,409.43665,0.0001177,78,0.0,0.0,unknown,,1000.0,0.0,0.0,,,1000.0,0.0,,unknown,0.0,{},,38.0,,,,,,,990.2655526746503,0.0,0.0,0.0,990.2655526746503,0.0,0.0,0.0,,,,,,
2024-06-06 22:00:00,70740.51,70920.76,70664.0,70901.01,656.5042,0.0001177,78,0.0,0.0,unknown,,1000.0,0.0,0.0,,,1000.0,0.0,,unknown,0.0,{},,39.0,,,,,,,990.2655526746503,0.0,0.0,0.0,990.2655526746503,0.0,0.0,0.0,,,,,,
2024-06-06 23:00:00,70901.01,70958.89,70748.8,70799.06,603.66646,0.0001177,78,0.0,0.0,unknown,,1000.0,0.0,0.0,,,1000.0,0.0,,unknown,0.0,{},,40.0,,,,,,,990.2655526746503,0.0,0.0,0.0,990.2655526746503,0.0,0.0,0.0,,,,,,
2024-06-07 00:00:00,70799.06,70883.6,70740.0,70883.05,403.79489,0.0001,77,0.0,0.0,unknown,,1000.0,0.0,0.0,,,1000.0,0.0,,unknown,0.0,{},,41.0,,,,,,,990.2655526746503,0.0,0.0,0.0,990.2655526746503,0.0,0.0,0.0,,,,,,
2024-06-07 01:00:00,70883.05,70900.0,70670.48,70840.01,493.06368,0.0001,77,0.0,0.0,unknown,,1000.0,0.0,0.0,,,1000.0,0.0,,unknown,0.0,{},,42.0,,,,,,,990.2655526746503,0.0,0.0,0.0,990.2655526746503,0.0,0.0,0.0,,,,,,
2024-06-07 02:00:00,70840.0,70872.06,70663.59,70824.08,469.58357,0.0001,77,0.0,0.0,unknown,,1000.0,0.0,0.0,,,1000.0,0.0,,unknown,0.0,{},,43.0,,,,,,,990.2655526746503,0.0,0.0,0.0,990.2655526746503,0.0,0.0,0.0,,,,,,
2024-06-07 03:00:00,70824.09,71015.2,70741.2,70989.68,456.07768,0.0001,77,0.0,0.0,unknown,,1000.0,0.0,0.0,,,1000.0,0.0,,unknown,0.0,{},,44.0,,,,,,,990.2655526746503,0.0,0.0,0.0,990.2655526746503,0.0,0.0,0.0,,,,,,
2024-06-07 04:00:00,70989.69,71274.7,70989.68,71226.52,1041.73348,0.0001,77,0.0,0.0,unknown,,1000.0,0.0,0.0,,,1000.0,0.0,,unknown,0.0,{},,45.0,,,,,,,990.2655526746503,0.0,0.0,0.0,990.2655526746503,0.0,0.0,0.0,,,,,,
2024-06-07 05:00:00,71226.52,71449.98,71170.0,71290.6,1688.26465,0.0001,77,0.0,0.0,unknown,,1000.0,0.0,0.0,,,1000.0,0.0,,unknown,0.0,{},,46.0,,,,,,,990.2655526746503,0.0,0.0,0.0,990.2655526746503,0.0,0.0,0.0,,,,,,
2024-06-07 06:00:00,71290.6,71353.06,71162.38,71265.7,589.45023,0.0001,77,0.0,0.0,unknown,,1000.0,0.0,0.0,,,1000.0,0.0,,unknown,0.0,{},,47.0,,,,,,,990.2655526746503,0.0,0.0,0.0,990.2655526746503,0.0,0.0,0.0,,,,,,
2024-06-07 07:00:00,71265.7,71310.8,71068.16,71110.0,854.07909,0.0001,77,0.0,0.0,unknown,,1000.0,0.0,0.0,,,1000.0,0.0,,unknown,0.0,{},,48.0,,,,,,,990.2655526746503,0.0,0.0,0.0,990.2655526746503,0.0,0.0,0.0,,,,,,
2024-06-07 08:00:00,71110.01,71192.4,71048.12,71117.2,754.25811,0.0001,77,0.0,0.0,unknown,,1000.0,0.0,0.0,,,1000.0,0.0,,unknown,0.0,{},,49.0,,,,,,,990.2655526746503,0.0,0.0,0.0,990.2655526746503,0.0,0.0,0.0,,,,,,
2024-06-07 09:00:00,71117.2,71307.28,71060.5,71302.07,605.73366,0.0001,77,0.0,0.0,unknown,,1000.0,0.0,0.0,,,1000.0,0.0,,unknown,0.0,{},,50.0,,,,,,,990.2655526746503,0.0,0.0,0.0,990.2655526746503,0.0,0.0,0.0,,,,,,
2024-06-07 10:00:00,71302.06,71434.86,71202.4,71377.38,577.69729,0.0001,77,0.0,0.0,unknown,,1000.0,0.0,0.0,,,1000.0,0.0,,unknown,0.0,{},,51.0,,,,,,,990.2655526746503,0.0,0.0,0.0,990.2655526746503,0.0,0.0,0.0,,,,,,
2024-06-07 11:00:00,71377.37,71700.0,71303.4,71699.99,1238.41758,0.0001,77,0.0,0.0,unknown,,1000.0,0.0,0.0,,,1000.0,0.0,,unknown,0.0,{},,52.0,,,,,,,990.2655526746503,0.0,0.0,0.0,990.2655526746503,0.0,0.0,0.0,,,,,,
2024-06-07 12:00:00,71700.0,71997.02,70633.21,71234.09,5660.13497,0.0001,77,0.0,0.0,unknown,,1000.0,0.0,0.0,,,1000.0,0.0,,unknown,0.0,{},,53.0,,,,,,,990.2655526746503,0.0,0.0,0.0,990.2655526746503,0.0,0.0,0.0,,,,,,
2024-06-07 13:00:00,71234.09,71655.04,71056.7,71534.6,1555.22338,0.0001,77,0.0,0.0,unknown,,1000.0,0.0,0.0,,,1000.0,0.0,,unknown,0.0,{},,54.0,,,,,,,990.2655526746503,0.0,0.0,0.0,990.2655526746503,0.0,0.0,0.0,,,,,,
2024-06-07 14:00:00,71534.6,71544.06,71170.58,71430.94,991.06966,0.0001,77,0.0,0.0,unknown,,1000.0,0.0,0.0,,,1000.0,0.0,,unknown,0.0,{},,55.0,,,,,,,990.2655526746503,0.0,0.0,0.0,990.2655526746503,0.0,0.0,0.0,,,,,,
2024-06-07 15:00:00,71430.93,71430.93,70850.0,71111.54,1650.05125,0.0001,77,0.0,0.0,unknown,,1000.0,0.0,0.0,,,1000.0,0.0,,unknown,0.0,{},,56.0,,,,,,,990.2655526746503,0.0,0.0,0.0,990.2655526746503,0.0,0.0,0.0,,,,,,
2024-06-07 16:00:00,71111.55,71208.89,70779.0,70873.47,1125.96101,0.00010166,77,0.0,0.0,unknown,,1000.0,0.0,0.0,,,1000.0,0.0,,unknown,0.0,{},,57.0,,,,,,,990.2655526746503,0.0,0.0,0.0,990.2655526746503,0.0,0.0,0.0,,,,,,
2024-06-07 17:00:00,70873.48,70873.48,69800.37,69803.59,2585.76468,0.00010166,77,0.0,0.0,unknown,,1000.0,0.0,0.0,,,1000.0,0.0,,unknown,0.0,{},,58.0,,,,,,,990.2655526746503,0.0,0.0,0.0,990.2655526746503,0.0,0.0,0.0,,,,,,
2024-06-07 18:00:00,69803.59,69887.99,68420.0,69154.43,8271.3392,0.00010166,77,0.0,0.0,unknown,,1000.0,0.0,0.0,,,1000.0,0.0,,unknown,0.0,{},,59.0,,,,,,,990.2655526746503,0.0,0.0,0.0,990.2655526746503,0.0,0.0,0.0,,,,,,
2024-06-07 19:00:00,69154.44,69448.0,68800.0,69255.0,1934.14143,0.00010166,77,0.0,0.0,unknown,,1000.0,0.0,0.0,,,1000.0,0.0,,unknown,0.0,{},,60.0,,,,,,,990.2655526746503,0.0,0.0,0.0,990.2655526746503,0.0,0.0,0.0,,,,,,
2024-06-07 20:00:00,69255.01,69318.3,68978.52,69307.99,1132.53115,0.00010166,77,0.0,0.0,unknown,,1000.0,0.0,0.0,,,1000.0,0.0,,unknown,0.0,{},,61.0,,,,,,,990.2655526746503,0.0,0.0,0.0,990.2655526746503,0.0,0.0,0.0,,,,,,
2024-06-07 21:00:00,69308.0,69377.85,69203.08,69250.01,496.62495,0.00010166,77,0.0,0.0,unknown,,1000.0,0.0,0.0,,,1000.0,0.0,,unknown,0.0,{},,62.0,,,,,,,990.2655526746503,0.0,0.0,0.0,990.2655526746503,0.0,0.0,0.0,,,,,,
2024-06-07 22:00:00,69250.01,69585.96,69184.0,69499.0,583.30376,0.00010166,77,0.0,0.0,unknown,,1000.0,0.0,0.0,,,1000.0,0.0,,unknown,0.0,{},,63.0,,,,,,,990.2655526746503,0.0,0.0,0.0,990.2655526746503,0.0,0.0,0.0,,,,,,
2024-06-07 23:00:00,69499.0,69499.0,69323.54,69355.6,440.1511,0.00010166,77,0.0,0.0,unknown,,1000.0,0.0,0.0,,,1000.0,0.0,,unknown,0.0,{},,64.0,,,,,,,990.2655526746503,0.0,0.0,0.0,990.2655526746503,0.0,0.0,0.0,,,,,,
2024-06-08 00:00:00,69355.6,69482.75,69296.41,69401.5,575.16895,0.0001,72,0.0,0.0,unknown,,1000.0,0.0,0.0,,,1000.0,0.0,,unknown,0.0,{},,65.0,,,,,,,990.2655526746503,0.0,0.0,0.0,990.2655526746503,0.0,0.0,0.0,,,,,,
2024-06-08 01:00:00,69401.5,69475.04,69287.28,69465.25,531.15697,0.0001,72,0.0,0.0,unknown,,1000.0,0.0,0.0,,,1000.0,0.0,,unknown,0.0,{},,66.0,,,,,,,990.2655526746503,0.0,0.0,0.0,990.2655526746503,0.0,0.0,0.0,,,,,,
2024-06-08 02:00:00,69465.24,69465.25,69387.6,69422.11,300.25806,0.0001,72,0.0,0.0,unknown,,1000.0,0.0,0.0,,,1000.0,0.0,,unknown,0.0,{},,67.0,,,,,,,990.2655526746503,0.0,0.0,0.0,990.2655526746503,0.0,0.0,0.0,,,,,,
2024-06-08 03:00:00,69422.11,69525.0,69411.3,69432.0,385.05909,0.0001,72,0.0,0.0,unknown,,1000.0,0.0,0.0,,,1000.0,0.0,,unknown,0.0,{},,68.0,,,,,,,990.2655526746503,0.0,0.0,0.0,990.2655526746503,0.0,0.0,0.0,,,,,,
2024-06-08 04:00:00,69432.0,69466.92,69277.96,69316.73,426.11437,0.0001,72,13.144236939706,0.0,trending,,1000.0,0.0,1.3144236939706,True,True,998.6855763060294,1.314837523871728,,trending,13.144236939706,{},,1.0,BTCUSDT,2024-06-08 04:00:00,BTCUSDT,69316.73,0.01896257503737698,LONG,990.2655526746503,0.0,0.0,0.0,990.2655526746503,0.0,0.0,0.0,13.144236939706,13.144236939706,1.0,13.144236939706,True,True
2024-06-08 05:00:00,69316.74,69342.79,69232.15,69319.99,353.35561,0.0001,72,12.005227460442692,0.0,trending,,998.7473324826567,1.3148180563236298,-0.11429531027936068,False,,998.7473324826567,1.3148180563236298,,trending,-1.1390094792633079,{},,2.0,BTCUSDT,2024-06-08 05:00:00,,,,,990.2655526746503,0.0,0.0,0.0,990.2655526746503,0.0,0.0,0.0,12.005227460442692,12.005227460442692,1.0,12.005227460442692,True,False
2024-06-08 06:00:00,69320.0,69414.89,69296.26,69333.45,401.708,0.0001,72,10.728742202246735,0.0,trending,,999.0023135063998,1.3147377035264352,-0.24186348330176166,True,True,998.7606913270284,1.0731337720968415,,trending,-1.2764852581959563,{},,3.0,BTCUSDT,2024-06-08 06:00:00,BTCUSDT,69333.45,0.0034849294153280475,REDUCE_LONG,990.2655526746503,0.0,0.0,0.0,990.2655526746503,0.0,0.0,0.0,10.728742202246735,10.728742202246735,1.0,10.728742202246735,True,True
2024-06-08 07:00:00,69333.44,69582.2,69333.44,69582.2,540.15299,0.0001,72,4.788562675663973,0.0,trending,,1002.6060387349727,1.0728532783135398,-0.5939970107471425,True,True,1002.0104937450071,0.47914087581435777,,trending,-5.940179526582762,{},,4.0,BTCUSDT,2024-06-08 07:00:00,BTCUSDT,69582.2,0.008558869796666499,REDUCE_LONG,990.2655526746503,0.0,0.0,0.0,990.2655526746503,0.0,0.0,0.0,4.788562675663973,4.788562675663973,1.0,4.788562675663973,True,True
2024-06-08 08:00:00,69582.2,69582.2,69381.81,69436.42,364.24008,0.0001,72,8.414827245358444,0.0,trending,,1001.0046389693719,0.47861749298764605,0.36286523154819833,True,True,1000.6414091892714,0.8414251832482461,,trending,3.62626456969447,{},,5.0,BTCUSDT,2024-06-08 08:00:00,BTCUSDT,69436.42,0.005231113299050294,LONG,990.2655526746503,0.0,0.0,0.0,990.2655526746503,0.0,0.0,0.0,8.414827245358444,8.414827245358444,1.0,8.414827245358444,True,True
2024-06-08 09:00:00,69436.43,69495.99,69382.8,69443.24,329.88546,0.0001,72,7.954479706535906,0.0,trending,,1000.7241064321456,0.8414382874595371,-0.04599031680594645,False,,1000.7241064321456,0.8414382874595371,,trending,-0.4603475388225373,{},,6.0,BTCUSDT,2024-06-08 09:00:00,,,,,990.2655526746503,0.0,0.0,0.0,990.2655526746503,0.0,0.0,0.0,7.954479706535906,7.954479706535906,1.0,7.954479706535906,True,False
2024-06-08 10:00:00,69443.25,69495.98,69360.01,69453.4,384.75747,0.0001,72,7.1783928485812165,0.0,trending,,1000.8473034977762,0.841457805259743,-0.12361852040162136,False,,1000.8473034977762,0.841457805259743,,trending,-0.7760868579546898,{},,7.0,BTCUSDT,2024-06-08 10:00:00,,,,,990.2655526746503,0.0,0.0,0.0,990.2655526746503,0.0,0.0,0.0,7.1783928485812165,7.1783928485812165,1.0,7.1783928485812165,True,False
2024-06-08 11:00:00,69453.39,69515.0,69318.19,69365.93,547.11072,0.0001,72,9.275221237575463,0.0,trending,,999.7866689179809,0.841289614045231,0.08623250971231544,False,,999.7866689179809,0.841289614045231,,trending,2.096828388994247,{},,8.0,BTCUSDT,2024-06-08 11:00:00,,,,,990.2655526746503,0.0,0.0,0.0,990.2655526746503,0.0,0.0,0.0,9.275221237575463,9.275221237575463,1.0,9.275221237575463,True,False
2024-06-08 12:00:00,69365.94,69430.0,69265.0,69360.22,436.61346,0.0001,72,8.906685273094283,0.0,trending,,999.7174311970409,0.8412786221938637,0.049389905115564514,False,,999.7174311970409,0.8412786221938637,,trending,-0.36853596448118076,{},,9.0,BTCUSDT,2024-06-08 12:00:00,,,,,990.2655526746503,0.0,0.0,0.0,990.2655526746503,0.0,0.0,0.0,8.906685273094283,8.906685273094283,1.0,8.906685273094283,True,False
2024-06-08 13:00:00,69360.22,69430.01,69168.02,69430.0,801.65896,0.0001,72,6.953826716166126,0.0,trending,,1000.5635622245716,0.841412845633098,-0.14603017401648544,False,,1000.5635622245716,0.841412845633098,,trending,-1.952858556928157,{},,10.0,BTCUSDT,2024-06-08 13:00:00,,,,,990.2655526746503,0.0,0.0,0.0,990.2655526746503,0.0,0.0,0.0,6.953826716166126,6.953826716166126,1.0,6.953826716166126,True,False
2024-06-08 14:00:00,69430.01,69462.25,69309.82,69461.69,538.86257,0.0001,72,6.89718527302937,0.0,trending,,1000.9478255129416,0.8414737271494738,-0.15175519984653674,False,,1000.9478255129416,0.8414737271494738,,trending,-0.056641443136755676,{},,11.0,BTCUSDT,2024-06-08 14:00:00,,,,,990.2655526746503,0.0,0.0,0.0,990.2655526746503,0.0,0.0,0.0,6.89718527302937,6.89718527302937,1.0,6.89718527302937,True,False
2024-06-08 15:00:00,69461.68,69491.36,69421.17,69430.01,341.4374,0.0001,72,8.819676526803153,0.0,trending,,1000.5636834815259,0.8414128648520599,0.04055478782825539,False,,1000.5636834815259,0.8414128648520599,,trending,1.9224912537737833,{},,12.0,BTCUSDT,2024-06-08 15:00:00,,,,,990.2655526746503,0.0,0.0,0.0,990.2655526746503,0.0,0.0,0.0,8.819676526803153,8.819676526803153,1.0,8.819676526803153,True,False
2024-06-08 16:00:00,69430.01,69470.16,69292.22,69387.15,570.23186,0.0001,72,10.595566882172916,0.0,trending,,1000.043976175135,0.8413304495835321,0.21822623863375945,True,True,999.8257403397458,1.0595696878862155,,trending,1.7758903553697625,{},,13.0,BTCUSDT,2024-06-08 16:00:00,BTCUSDT,69387.15,0.0031451909379337337,LONG,990.2655526746503,0.0,0.0,0.0,990.2655526746503,0.0,0.0,0.0,10.595566882172916,10.595566882172916,1.0,10.595566882172916,True,True
2024-06-08 17:00:00,69387.16,69470.0,69336.01,69439.99,489.14706,0.0001,72,6.903249438349375,0.0,trending,,1000.6324877838606,1.0595216605694577,-0.36919671673452026,True,True,1000.263057554713,0.6905799036680147,,trending,-3.6923174438235407,{},,14.0,BTCUSDT,2024-06-08 17:00:00,BTCUSDT,69439.99,0.005320136554565982,REDUCE_LONG,990.2655526746503,0.0,0.0,0.0,990.2655526746503,0.0,0.0,0.0,6.903249438349375,6.903249438349375,1.0,6.903249438349375,True,True
2024-06-08 18:00:00,69440.0,69480.0,69427.98,69454.89,269.32881,0.0001,72,6.07938049087598,0.0,trending,,1000.4112768636779,0.6906257468466341,-0.08268769775903606,False,,1000.4112768636779,0.6906257468466341,,trending,-0.8238689474733949,{},,15.0,BTCUSDT,2024-06-08 18:00:00,,,,,990.2655526746503,0.0,0.0,0.0,990.2655526746503,0.0,0.0,0.0,6.07938049087598,6.07938049087598,1.0,6.07938049087598,True,False
2024-06-08 19:00:00,69454.88,69490.0,69427.88,69460.01,249.35631,0.0001,72,0.0,0.0,unknown,,1000.4622085993759,0.6906414965346862,-0.6906414965346862,True,True,999.7712478824025,0.0,,unknown,-6.07938049087598,{},,1.0,BTCUSDT,2024-06-08 19:00:00,BTCUSDT,69460.01,0.009947604628526119,CLOSE,990.2655526746503,0.0,0.0,0.0,990.2655526746503,0.0,0.0,0.0,,,,,True,True
2024-06-08 20:00:00,69460.0,69475.18,69313.31,69372.73,304.03471,0.0001,72,0.0,0.0,unknown,,999.7712478824025,0.0,0.0,,,999.7712478824025,0.0,,unknown,0.0,{},,2.0,,,,,,,990.2655526746503,0.0,0.0,0.0,990.2655526746503,0.0,0.0,0.0,,,,,,
2024-06-08 21:00:00,69372.74,69424.47,69327.04,69404.91,179.28795,0.0001,72,0.0,0.0,unknown,,999.7712478824025,0.0,0.0,,,999.7712478824025,0.0,,unknown,0.0,{},,3.0,,,,,,,990.2655526746503,0.0,0.0,0.0,990.2655526746503,0.0,0.0,0.0,,,,,,
2024-06-08 22:00:00,69404.9,69404.91,69290.28,69338.15,201.17805,0.0001,72,0.0,0.0,unknown,,999.7712478824025,0.0,0.0,,,999.7712478824025,0.0,,unknown,0.0,{},,4.0,,,,,,,990.2655526746503,0.0,0.0,0.0,990.2655526746503,0.0,0.0,0.0,,,,,,
2024-06-08 23:00:00,69338.15,69340.0,69292.99,69310.46,253.72476,0.0001,72,0.0,0.0,unknown,,999.7712478824025,0.0,0.0,,,999.7712478824025,0.0,,unknown,0.0,{},,5.0,,,,,,,990.2655526746503,0.0,0.0,0.0,990.2655526746503,0.0,0.0,0.0,,,,,,
2024-06-09 00:00:00,69310.46,69327.99,69225.84,69268.7,279.12784,0.0001,75,0.0,0.0,unknown,,999.7712478824025,0.0,0.0,,,999.7712478824025,0.0,,unknown,0.0,{},,6.0,,,,,,,990.2655526746503,0.0,0.0,0.0,990.2655526746503,0.0,0.0,0.0,,,,,,
2024-06-09 01:00:00,69268.7,69346.9,69230.0,69285.0,207.30721,0.0001,75,0.0,0.0,unknown,,999.7712478824025,0.0,0.0,,,999.7712478824025,0.0,,unknown,0.0,{},,7.0,,,,,,,990.2655526746503,0.0,0.0,0.0,990.2655526746503,0.0,0.0,0.0,,,,,,
2024-06-09 02:00:00,69285.01,69298.0,69139.93,69174.93,386.92647,0.0001,75,0.0,0.0,unknown,,999.7712478824025,0.0,0.0,,,999.7712478824025,0.0,,unknown,0.0,{},,8.0,,,,,,,990.2655526746503,0.0,0.0,0.0,990.2655526746503,0.0,0.0,0.0,,,,,,
2024-06-09 03:00:00,69174.92,69298.0,69130.24,69259.38,311.25819,0.0001,75,0.0,0.0,unknown,,999.7712478824025,0.0,0.0,,,999.7712478824025,0.0,,unknown,0.0,{},,9.0,,,,,,,990.2655526746503,0.0,0.0,0.0,990.2655526746503,0.0,0.0,0.0,,,,,,
2024-06-09 04:00:00,69259.38,69306.22,69244.64,69304.44,215.2078,0.0001,75,0.0,0.0,unknown,,999.7712478824025,0.0,0.0,,,999.7712478824025,0.0,,unknown,0.0,{},,10.0,,,,,,,990.2655526746503,0.0,0.0,0.0,990.2655526746503,0.0,0.0,0.0,,,,,,
2024-06-09 05:00:00,69304.44,69360.4,69234.73,69293.47,201.54054,0.0001,75,0.0,0.0,unknown,,999.7712478824025,0.0,0.0,,,999.7712478824025,0.0,,unknown,0.0,{},,11.0,,,,,,,990.2655526746503,0.0,0.0,0.0,990.2655526746503,0.0,0.0,0.0,,,,,,
2024-06-09 06:00:00,69293.48,69400.0,69276.95,69391.01,246.31461,0.0001,75,0.0,0.0,unknown,,999.7712478824025,0.0,0.0,,,999.7712478824025,0.0,,unknown,0.0,{},,12.0,,,,,,,990.2655526746503,0.0,0.0,0.0,990.2655526746503,0.0,0.0,0.0,,,,,,
2024-06-09 07:00:00,69391.02,69425.7,69273.47,69295.64,368.4744,0.0001,75,0.0,0.0,unknown,,999.7712478824025,0.0,0.0,,,999.7712478824025,0.0,,unknown,0.0,{},,13.0,,,,,,,990.2655526746503,0.0,0.0,0.0,990.2655526746503,0.0,0.0,0.0,,,,,,
2024-06-09 08:00:00,69295.64,69356.0,69283.45,69352.15,210.63135,0.0001,75,0.0,0.0,unknown,,999.7712478824025,0.0,0.0,,,999.7712478824025,0.0,,unknown,0.0,{},,14.0,,,,,,,990.2655526746503,0.0,0.0,0.0,990.2655526746503,0.0,0.0,0.0,,,,,,
2024-06-09 09:00:00,69352.15,69397.19,69341.95,69369.98,195.9235,0.0001,75,0.0,0.0,unknown,,999.7712478824025,0.0,0.0,,,999.7712478824025,0.0,,unknown,0.0,{},,15.0,,,,,,,990.2655526746503,0.0,0.0,0.0,990.2655526746503,0.0,0.0,0.0,,,,,,
2024-06-09 10:00:00,69369.99,69373.24,69333.07,69346.49,236.87264,0.0001,75,0.0,0.0,unknown,,999.7712478824025,0.0,0.0,,,999.7712478824025,0.0,,unknown,0.0,{},,16.0,,,,,,,990.2655526746503,0.0,0.0,0.0,990.2655526746503,0.0,0.0,0.0,,,,,,
2024-06-09 11:00:00,69346.5,69389.0,69333.0,69367.69,225.66556,0.0001,75,0.0,0.0,unknown,,999.7712478824025,0.0,0.0,,,999.7712478824025,0.0,,unknown,0.0,{},,17.0,,,,,,,990.2655526746503,0.0,0.0,0.0,990.2655526746503,0.0,0.0,0.0,,,,,,
2024-06-09 12:00:00,69367.68,69760.0,69351.11,69712.95,864.72707,0.0001,75,0.0,0.0,unknown,,999.7712478824025,0.0,0.0,,,999.7712478824025,0.0,,unknown,0.0,{},,18.0,,,,,,,990.2655526746503,0.0,0.0,0.0,990.2655526746503,0.0,0.0,0.0,,,,,,
2024-06-09 13:00:00,69712.96,69777.0,69250.01,69467.03,1517.18414,0.0001,75,0.0,0.0,unknown,,999.7712478824025,0.0,0.0,,,999.7712478824025,0.0,,unknown,0.0,{},,19.0,,,,,,,990.2655526746503,0.0,0.0,0.0,990.2655526746503,0.0,0.0,0.0,,,,,,
2024-06-09 14:00:00,69467.04,69559.0,69264.01,69490.12,679.92624,0.0001,75,0.0,0.0,unknown,,999.7712478824025,0.0,0.0,,,999.7712478824025,0.0,,unknown,0.0,{},,20.0,,,,,,,990.2655526746503,0.0,0.0,0.0,990.2655526746503,0.0,0.0,0.0,,,,,,
2024-06-09 15:00:00,69490.13,69590.37,69420.42,69508.64,716.46617,0.0001,75,0.0,0.0,unknown,,999.7712478824025,0.0,0.0,,,999.7712478824025,0.0,,unknown,0.0,{},,21.0,,,,,,,990.2655526746503,0.0,0.0,0.0,990.2655526746503,0.0,0.0,0.0,,,,,,
2024-06-09 16:00:00,69508.64,69636.98,69500.0,69622.88,386.18326,0.0001,75,0.0,0.0,unknown,,999.7712478824025,0.0,0.0,,,999.7712478824025,0.0,,unknown,0.0,{},,22.0,,,,,,,990.2655526746503,0.0,0.0,0.0,990.2655526746503,0.0,0.0,0.0,,,,,,
2024-06-09 17:00:00,69622.88,69698.48,69570.0,69660.51,281.76588,0.0001,75,0.0,0.0,unknown,,999.7712478824025,0.0,0.0,,,999.7712478824025,0.0,,unknown,0.0,{},,23.0,,,,,,,990.2655526746503,0.0,0.0,0.0,990.2655526746503,0.0,0.0,0.0,,,,,,
2024-06-09 18:00:00,69660.52,69848.32,69611.26,69738.1,755.07201,0.0001,75,0.0,0.0,unknown,,999.7712478824025,0.0,0.0,,,999.7712478824025,0.0,,unknown,0.0,{},,24.0,,,,,,,990.2655526746503,0.0,0.0,0.0,990.2655526746503,0.0,0.0,0.0,,,,,,
2024-06-09 19:00:00,69738.09,69857.14,69660.03,69710.26,559.04291,0.0001,75,0.0,0.0,unknown,,999.7712478824025,0.0,0.0,,,999.7712478824025,0.0,,unknown,0.0,{},,25.0,,,,,,,990.2655526746503,0.0,0.0,0.0,990.2655526746503,0.0,0.0,0.0,,,,,,
2024-06-09 20:00:00,69710.26,69730.81,69590.33,69686.85,315.37374,0.0001,75,0.0,0.0,unknown,,999.7712478824025,0.0,0.0,,,999.7712478824025,0.0,,unknown,0.0,{},,26.0,,,,,,,990.2655526746503,0.0,0.0,0.0,990.2655526746503,0.0,0.0,0.0,,,,,,
2024-06-09 21:00:00,69686.86,69821.53,69610.0,69749.96,275.10337,0.0001,75,0.0,0.0,unknown,,999.7712478824025,0.0,0.0,,,999.7712478824025,0.0,,unknown,0.0,{},,27.0,,,,,,,990.2655526746503,0.0,0.0,0.0,990.2655526746503,0.0,0.0,0.0,,,,,,
2024-06-09 22:00:00,69749.95,69787.13,69621.2,69634.35,283.03816,0.0001,75,0.0,0.0,unknown,,999.7712478824025,0.0,0.0,,,999.7712478824025,0.0,,unknown,0.0,{},,28.0,,,,,,,990.2655526746503,0.0,0.0,0.0,990.2655526746503,0.0,0.0,0.0,,,,,,
2024-06-09 23:00:00,69634.36,69684.93,69596.01,69648.14,171.43403,0.0001,75,0.0,0.0,unknown,,999.7712478824025,0.0,0.0,,,999.7712478824025,0.0,,unknown,0.0,{},,29.0,,,,,,,990.2655526746503,0.0,0.0,0.0,990.2655526746503,0.0,0.0,0.0,,,,,,
2024-06-10 00:00:00,69648.15,69655.11,69426.0,69559.99,450.64669,0.0001,72,0.0,0.0,unknown,,999.7712478824025,0.0,0.0,,,999.7712478824025,0.0,,unknown,0.0,{},,30.0,,,,,,,990.2655526746503,0.0,0.0,0.0,990.2655526746503,0.0,0.0,0.0,,,,,,
2024-06-10 01:00:00,69559.99,69686.42,69516.0,69625.52,475.14533,0.0001,72,0.0,0.0,unknown,,999.7712478824025,0.0,0.0,,,999.7712478824025,0.0,,unknown,0.0,{},,31.0,,,,,,,990.2655526746503,0.0,0.0,0.0,990.2655526746503,0.0,0.0,0.0,,,,,,
2024-06-10 02:00:00,69625.52,69801.34,69608.4,69716.0,723.3512,0.0001,72,0.0,0.0,unknown,,999.7712478824025,0.0,0.0,,,999.7712478824025,0.0,,unknown,0.0,{},,32.0,,,,,,,990.2655526746503,0.0,0.0,0.0,990.2655526746503,0.0,0.0,0.0,,,,,,
2024-06-10 03:00:00,69716.01,69767.41,69574.8,69613.2,336.95189,0.0001,72,0.0,0.0,unknown,,999.7712478824025,0.0,0.0,,,999.7712478824025,0.0,,unknown,0.0,{},,33.0,,,,,,,990.2655526746503,0.0,0.0,0.0,990.2655526746503,0.0,0.0,0.0,,,,,,
2024-06-10 04:00:00,69613.2,69677.5,69530.95,69674.33,286.62824,0.0001,72,0.0,0.0,unknown,,999.7712478824025,0.0,0.0,,,999.7712478824025,0.0,,unknown,0.0,{},,34.0,,,,,,,990.2655526746503,0.0,0.0,0.0,990.2655526746503,0.0,0.0,0.0,,,,,,
2024-06-10 05:00:00,69674.33,69674.33,69530.0,69580.48,338.77292,0.0001,72,0.0,0.0,unknown,,999.7712478824025,0.0,0.0,,,999.7712478824025,0.0,,unknown,0.0,{},,35.0,,,,,,,990.2655526746503,0.0,0.0,0.0,990.2655526746503,0.0,0.0,0.0,,,,,,
2024-06-10 06:00:00,69580.47,69618.76,69301.0,69429.87,802.10432,0.0001,72,0.0,0.0,unknown,,999.7712478824025,0.0,0.0,,,999.7712478824025,0.0,,unknown,0.0,{},,36.0,,,,,,,990.2655526746503,0.0,0.0,0.0,990.2655526746503,0.0,0.0,0.0,,,,,,
2024-06-10 07:00:00,69429.87,69500.0,69249.99,69303.99,684.35492,0.0001,72,0.0,0.0,unknown,,999.7712478824025,0.0,0.0,,,999.7712478824025,0.0,,unknown,0.0,{},,37.0,,,,,,,990.2655526746503,0.0,0.0,0.0,990.2655526746503,0.0,0.0,0.0,,,,,,
2024-06-10 08:00:00,69304.0,69494.99,69279.35,69387.5,544.63785,0.0001,72,0.0,0.0,unknown,,999.7712478824025,0.0,0.0,,,999.7712478824025,0.0,,unknown,0.0,{},,38.0,,,,,,,990.2655526746503,0.0,0.0,0.0,990.2655526746503,0.0,0.0,0.0,,,,,,
2024-06-10 09:00:00,69387.5,69474.39,69172.29,69449.99,762.57186,0.0001,72,0.0,0.0,unknown,,999.7712478824025,0.0,0.0,,,999.7712478824025,0.0,,unknown,0.0,{},,39.0,,,,,,,990.2655526746503,0.0,0.0,0.0,990.2655526746503,0.0,0.0,0.0,,,,,,
2024-06-10 10:00:00,69450.0,69470.93,69357.38,69439.99,440.02591,0.0001,72,0.0,0.0,unknown,,999.7712478824025,0.0,0.0,,,999.7712478824025,0.0,,unknown,0.0,{},,40.0,,,,,,,990.2655526746503,0.0,0.0,0.0,990.2655526746503,0.0,0.0,0.0,,,,,,
2024-06-10 11:00:00,69439.99,69550.0,69337.02,69473.89,470.06175,0.0001,72,0.0,0.0,unknown,,999.7712478824025,0.0,0.0,,,999.7712478824025,0.0,,unknown,0.0,{},,41.0,,,,,,,990.2655526746503,0.0,0.0,0.0,990.2655526746503,0.0,0.0,0.0,,,,,,
2024-06-10 12:00:00,69473.89,69520.01,69331.55,69363.99,455.61451,0.0001,72,0.0,0.0,unknown,,999.7712478824025,0.0,0.0,,,999.7712478824025,0.0,,unknown,0.0,{},,42.0,,,,,,,990.2655526746503,0.0,0.0,0.0,990.2655526746503,0.0,0.0,0.0,,,,,,
2024-06-10 13:00:00,69364.0,69512.9,69201.59,69408.21,839.30304,0.0001,72,0.0,0.0,unknown,,999.7712478824025,0.0,0.0,,,999.7712478824025,0.0,,unknown,0.0,{},,43.0,,,,,,,990.2655526746503,0.0,0.0,0.0,990.2655526746503,0.0,0.0,0.0,,,,,,
2024-06-10 14:00:00,69408.21,69662.1,69300.01,69662.09,818.84462,0.0001,72,0.0,0.0,unknown,,999.7712478824025,0.0,0.0,,,999.7712478824025,0.0,,unknown,0.0,{},,44.0,,,,,,,990.2655526746503,0.0,0.0,0.0,990.2655526746503,0.0,0.0,0.0,,,,,,
2024-06-10 15:00:00,69662.1,70195.94,69612.26,70066.12,2090.82351,0.0001,72,0.0,0.0,unknown,,999.7712478824025,0.0,0.0,,,999.7712478824025,0.0,,unknown,0.0,{},,45.0,,,,,,,990.2655526746503,0.0,0.0,0.0,990.2655526746503,0.0,0.0,0.0,,,,,,
2024-06-10 16:00:00,70066.12,70105.82,69722.0,69972.17,1157.81759,0.0001,72,0.0,0.0,unknown,,999.7712478824025,0.0,0.0,,,999.7712478824025,0.0,,unknown,0.0,{},,46.0,,,,,,,990.2655526746503,0.0,0.0,0.0,990.2655526746503,0.0,0.0,0.0,,,,,,
2024-06-10 17:00:00,69972.18,70060.0,69761.89,70043.0,591.25585,0.0001,72,0.0,0.0,unknown,,999.7712478824025,0.0,0.0,,,999.7712478824025,0.0,,unknown,0.0,{},,47.0,,,,,,,990.2655526746503,0.0,0.0,0.0,990.2655526746503,0.0,0.0,0.0,,,,,,
2024-06-10 18:00:00,70043.01,70141.1,69737.56,69860.01,1199.79773,0.0001,72,0.0,0.0,unknown,,999.7712478824025,0.0,0.0,,,999.7712478824025,0.0,,unknown,0.0,{},,48.0,,,,,,,990.2655526746503,0.0,0.0,0.0,990.2655526746503,0.0,0.0,0.0,,,,,,
2024-06-10 19:00:00,69860.01,69860.01,69386.81,69490.8,1347.29029,0.0001,72,0.0,0.0,unknown,,999.7712478824025,0.0,0.0,,,999.7712478824025,0.0,,unknown,0.0,{},,49.0,,,,,,,990.2655526746503,0.0,0.0,0.0,990.2655526746503,0.0,0.0,0.0,,,,,,
2024-06-10 20:00:00,69490.81,69700.51,69334.46,69632.51,1256.69999,0.0001,72,0.0,0.0,unknown,,999.7712478824025,0.0,0.0,,,999.7712478824025,0.0,,unknown,0.0,{},,50.0,,,,,,,990.2655526746503,0.0,0.0,0.0,990.2655526746503,0.0,0.0,0.0,,,,,,
2024-06-10 21:00:00,69632.51,69694.68,69530.0,69585.48,333.26051,0.0001,72,0.0,0.0,unknown,,999.7712478824025,0.0,0.0,,,999.7712478824025,0.0,,unknown,0.0,{},,51.0,,,,,,,990.2655526746503,0.0,0.0,0.0,990.2655526746503,0.0,0.0,0.0,,,,,,
2024-06-10 22:00:00,69585.49,69592.0,69424.28,69495.99,371.95973,0.0001,72,0.0,0.0,unknown,,999.7712478824025,0.0,0.0,,,999.7712478824025,0.0,,unknown,0.0,{},,52.0,,,,,,,990.2655526746503,0.0,0.0,0.0,990.2655526746503,0.0,0.0,0.0,,,,,,
2024-06-10 23:00:00,69495.99,69563.38,69400.01,69540.0,344.74916,0.0001,72,0.0,0.0,unknown,,999.7712478824025,0.0,0.0,,,999.7712478824025,0.0,,unknown,0.0,{},,53.0,,,,,,,990.2655526746503,0.0,0.0,0.0,990.2655526746503,0.0,0.0,0.0,,,,,,
2024-06-11 00:00:00,69540.0,69590.01,69400.0,69410.85,441.01662,0.0001,74,0.0,0.0,unknown,,999.7712478824025,0.0,0.0,,,999.7712478824025,0.0,,unknown,0.0,{},,54.0,,,,,,,990.2655526746503,0.0,0.0,0.0,990.2655526746503,0.0,0.0,0.0,,,,,,
2024-06-11 01:00:00,69410.86,69523.71,68500.0,68724.01,2101.67951,0.0001,74,0.0,0.0,unknown,,999.7712478824025,0.0,0.0,,,999.7712478824025,0.0,,unknown,0.0,{},,55.0,,,,,,,990.2655526746503,0.0,0.0,0.0,990.2655526746503,0.0,0.0,0.0,,,,,,
2024-06-11 02:00:00,68724.0,68922.29,67900.0,68268.62,4237.94052,0.0001,74,0.0,0.0,unknown,,999.7712478824025,0.0,0.0,,,999.7712478824025,0.0,,unknown,0.0,{},,56.0,,,,,,,990.2655526746503,0.0,0.0,0.0,990.2655526746503,0.0,0.0,0.0,,,,,,
2024-06-11 03:00:00,68268.62,68488.0,68170.0,68464.0,1288.03235,0.0001,74,0.0,0.0,unknown,,999.7712478824025,0.0,0.0,,,999.7712478824025,0.0,,unknown,0.0,{},,57.0,,,,,,,990.2655526746503,0.0,0.0,0.0,990.2655526746503,0.0,0.0,0.0,,,,,,
2024-06-11 04:00:00,68464.0,68464.0,67617.0,68024.04,3130.15278,0.0001,74,0.0,0.0,unknown,,999.7712478824025,0.0,0.0,,,999.7712478824025,0.0,,unknown,0.0,{},,58.0,,,,,,,990.2655526746503,0.0,0.0,0.0,990.2655526746503,0.0,0.0,0.0,,,,,,
2024-06-11 05:00:00,68024.03,68056.28,67657.03,67903.57,1529.1594,0.0001,74,20.0,0.0,trending,,999.7712478824025,0.0,2.0,True,True,997.7717053866376,2.002004008016032,,trending,20.0,{},,1.0,BTCUSDT,2024-06-11 05:00:00,BTCUSDT,67903.57,0.029446794855775695,LONG,990.2655526746503,0.0,0.0,0.0,990.2655526746503,0.0,0.0,0.0,24.0,24.0,1.0,24.0,True,True
2024-06-11 06:00:00,67903.58,67974.49,67325.0,67692.0,1795.62101,0.0001,74,20.0,0.0,trending,,991.5478770573885,2.008293468238184,-0.008293468238183888,False,,991.5478770573885,2.008293468238184,,trending,0.0,{},,2.0,BTCUSDT,2024-06-11 06:00:00,,,,,990.2655526746503,0.0,0.0,0.0,990.2655526746503,0.0,0.0,0.0,24.0,24.0,1.0,24.0,True,False
2024-06-11 07:00:00,67691.99,67844.76,67526.95,67570.18,1342.86514,0.0001,74,20.0,0.0,trending,,987.9642557166072,2.0119508292911177,-0.011950829291117682,False,,987.9642557166072,2.0119508292911177,,trending,0.0,{},,3.0,BTCUSDT,2024-06-11 07:00:00,,,,,990.2655526746503,0.0,0.0,0.0,990.2655526746503,0.0,0.0,0.0,24.0,24.0,1.0,24.0,True,False
2024-06-11 08:00:00,67570.18,67641.03,67284.38,67516.74,1502.84818,0.0001,74,20.0,0.0,trending,,986.3921926362319,2.0135636264622225,-0.013563626462222533,False,,986.3921926362319,2.0135636264622225,,trending,0.0,{},,4.0,BTCUSDT,2024-06-11 08:00:00,,,,,990.2655526746503,0.0,0.0,0.0,990.2655526746503,0.0,0.0,0.0,24.0,24.0,1.0,24.0,True,False
2024-06-11 09:00:00,67516.75,67662.49,66900.0,67084.34,2014.92142,0.0001,74,20.0,0.0,trending,,973.6721313346899,2.026804830607544,-0.026804830607543906,False,,973.6721313346899,2.026804830607544,,trending,0.0,{},,5.0,BTCUSDT,2024-06-11 09:00:00,,,,,990.2655526746503,0.0,0.0,0.0,990.2655526746503,0.0,0.0,0.0,24.0,24.0,1.0,24.0,True,False
2024-06-11 10:00:00,67084.33,67303.46,66732.0,66961.99,2002.2537,0.0001,74,20.0,0.0,trending,,970.0729187994367,2.0306145326886567,-0.03061453268865666,False,,970.0729187994367,2.0306145326886567,,trending,0.0,{},,6.0,BTCUSDT,2024-06-11 10:00:00,,,,,990.2655526746503,0.0,0.0,0.0,990.2655526746503,0.0,0.0,0.0,24.0,24.0,1.0,24.0,True,False
2024-06-11 11:00:00,66961.99,67123.13,66762.58,66890.01,1762.47556,0.0001,74,20.0,0.0,trending,,967.9554580860114,2.03286906389195,-0.03286906389195021,False,,967.9554580860114,2.03286906389195,,trending,0.0,{},,7.0,BTCUSDT,2024-06-11 11:00:00,,,,,990.2655526746503,0.0,0.0,0.0,990.2655526746503,0.0,0.0,0.0,24.0,24.0,1.0,24.0,True,False
2024-06-11 12:00:00,66890.0,67194.31,66790.8,67019.99,1589.99015,0.0001,74,20.0,0.0,trending,,971.77912498697,2.0288050259320065,-0.02880502593200651,False,,971.77912498697,2.0288050259320065,,trending,0.0,{},,8.0,BTCUSDT,2024-06-11 12:00:00,,,,,990.2655526746503,0.0,0.0,0.0,990.2655526746503,0.0,0.0,0.0,23.792378204143926,23.792378204143926,1.0,23.792378204143926,True,False
2024-06-11 13:00:00,67020.0,67278.88,66568.35,66812.0,2543.43037,0.0001,74,20.0,0.0,trending,,965.6606107637791,2.0353236289628134,-0.03532362896281338,False,,965.6606107637791,2.0353236289628134,,trending,0.0,{},,9.0,BTCUSDT,2024-06-11 13:00:00,,,,,990.2655526746503,0.0,0.0,0.0,990.2655526746503,0.0,0.0,0.0,24.0,24.0,1.0,24.0,True,False
2024-06-11 14:00:00,66812.01,67103.42,66776.81,66851.26,1417.57274,0.0001,74,20.0,0.0,trending,,966.8155358486507,2.0340868664308585,-0.034086866430858453,False,,966.8155358486507,2.0340868664308585,,trending,0.0,{},,10.0,BTCUSDT,2024-06-11 14:00:00,,,,,990.2655526746503,0.0,0.0,0.0,990.2655526746503,0.0,0.0,0.0,21.603961003900352,21.603961003900352,1.0,21.603961003900352,True,False
2024-06-11 15:00:00,66851.27,67076.0,66051.0,66244.48,3798.63037,0.0001,74,20.0,0.0,trending,,948.9656773922458,2.0535378377748814,-0.053537837774881414,False,,948.9656773922458,2.0535378377748814,,trending,0.0,{},,11.0,BTCUSDT,2024-06-11 15:00:00,,,,,990.2655526746503,0.0,0.0,0.0,990.2655526746503,0.0,0.0,0.0,24.0,24.0,1.0,24.0,True,False
2024-06-11 16:00:00,66244.48,66738.78,66161.26,66487.47,1997.24793,0.0001,74,20.0,0.0,trending,,956.1137987975688,2.045661352382675,-0.04566135238267499,False,,956.1137987975688,2.045661352382675,,trending,0.0,{},,12.0,BTCUSDT,2024-06-11 16:00:00,,,,,990.2655526746503,0.0,0.0,0.0,990.2655526746503,0.0,0.0,0.0,21.727621529266116,21.727621529266116,1.0,21.727621529266116,True,False
2024-06-11 17:00:00,66487.48,66805.98,66175.0,66770.99,1527.13797,0.0001,74,14.071611848856618,0.0,trending,,964.454205319801,2.036618682740764,-0.6294574978551024,True,True,963.8471223889244,1.4080474909361675,,trending,-5.928388151143382,{},,13.0,BTCUSDT,2024-06-11 17:00:00,BTCUSDT,66770.99,0.009092016321405945,REDUCE_LONG,990.2655526746503,0.0,0.0,0.0,990.2655526746503,0.0,0.0,0.0,14.071611848856618,14.071611848856618,1.0,14.071611848856618,True,True
2024-06-11 18:00:00,66771.0,67229.93,66652.39,67117.3,1607.24429,0.0001,74,6.688676154923476,0.0,trending,,970.8859880236355,1.4050891709102216,-0.7362215554178739,True,True,970.1712008313993,0.6693604130567835,,trending,-7.382935693933142,{},,14.0,BTCUSDT,2024-06-11 18:00:00,BTCUSDT,67117.3,0.010649820422397507,REDUCE_LONG,990.2655526746503,0.0,0.0,0.0,990.2655526746503,0.0,0.0,0.0,6.688676154923476,6.688676154923476,1.0,6.688676154923476,True,True
2024-06-11 19:00:00,67117.31,67586.64,67070.51,67407.01,1419.52041,0.0001,74,1.3428727371823381,0.0,trending,,972.974293215081,0.670312969886257,-0.5360256961680232,True,True,972.4527539922068,0.13435929375220396,,trending,-5.345803417741138,{},,15.0,BTCUSDT,2024-06-11 19:00:00,BTCUSDT,67407.01,0.007737165954612201,REDUCE_LONG,990.2655526746503,0.0,0.0,0.0,990.2655526746503,0.0,0.0,0.0,1.3428727371823381,1.3428727371823381,1.0,1.3428727371823381,True,True
2024-06-11 20:00:00,67407.02,67500.0,67173.92,67290.07,840.01284,0.0001,74,3.005986284013882,0.0,trending,,972.2260838855155,0.13415747354341337,0.1664411548579748,False,,972.2260838855155,0.13415747354341337,,trending,1.6631135468315437,{},,16.0,BTCUSDT,2024-06-11 20:00:00,,,,,990.2655526746503,0.0,0.0,0.0,990.2655526746503,0.0,0.0,0.0,3.005986284013882,3.005986284013882,1.0,3.005986284013882,True,False
2024-06-11 21:00:00,67290.07,67396.62,67202.26,67396.61,414.56314,0.0001,74,1.1569835002134496,0.0,trending,,972.4325952004367,0.13434134878529208,-0.018642998763947122,False,,972.4325952004367,0.13434134878529208,,trending,-1.8490027838004321,{},,17.0,BTCUSDT,2024-06-11 21:00:00,,,,,990.2655526746503,0.0,0.0,0.0,990.2655526746503,0.0,0.0,0.0,1.1569835002134496,1.1569835002134496,1.0,1.1569835002134496,True,False
2024-06-11 22:00:00,67396.61,67572.54,67311.42,67360.22,500.47608,0.0001,74,1.7753365886637196,0.0,trending,,972.3620588126953,0.13427855279924913,0.04325510606712282,False,,972.3620588126953,0.13427855279924913,,trending,0.6183530884502699,{},,18.0,BTCUSDT,2024-06-11 22:00:00,,,,,990.2655526746503,0.0,0.0,0.0,990.2655526746503,0.0,0.0,0.0,1.7753365886637196,1.7753365886637196,1.0,1.7753365886637196,True,False
2024-06-11 23:00:00,67360.22,67588.22,67309.91,67314.24,631.2234,0.0001,74,2.4369761837523862,0.0,trending,,972.2729336929273,0.13419919491012805,0.10949842346511057,False,,972.2729336929273,0.13419919491012805,,trending,0.6616395950886667,{},,19.0,BTCUSDT,2024-06-11 23:00:00,,,,,990.2655526746503,0.0,0.0,0.0,990.2655526746503,0.0,0.0,0.0,2.4369761837523862,2.4369761837523862,1.0,2.4369761837523862,True,False
2024-06-12 00:00:00,67314.23,67436.53,67183.47,67199.99,565.54988,0.0001,72,4.51930062130154,0.0,trending,,972.0514777352612,0.1340019453293898,0.3179281168007642,True,True,971.7424352395115,0.45175575987134303,,trending,2.082324437549154,{},,20.0,BTCUSDT,2024-06-12 00:00:00,BTCUSDT,67199.99,0.004598847347295313,LONG,990.2655526746503,0.0,0.0,0.0,990.2655526746503,0.0,0.0,0.0,4.51930062130154,4.51930062130154,1.0,4.51930062130154,True,True
2024-06-12 01:00:00,67199.99,67240.0,66905.0,67180.01,889.30788,0.0001,72,4.499963501561476,0.0,trending,,971.6119140141395,0.4516821116286728,-0.0016857614725251935,False,,971.6119140141395,0.4516821116286728,,trending,-0.019337119740064246,{},,21.0,BTCUSDT,2024-06-12 01:00:00,,,,,990.2655526746503,0.0,0.0,0.0,990.2655526746503,0.0,0.0,0.0,4.499963501561476,4.499963501561476,1.0,4.499963501561476,True,False
2024-06-12 02:00:00,67180.0,67596.15,67128.08,67415.25,877.47097,0.0001,72,-0.44925724561689107,0.0,trending,,973.1486413943428,0.45254797638588823,-0.4974737009475773,True,True,972.6645255381362,-0.04494808505191039,,trending,-4.949220747178368,{},,22.0,BTCUSDT,2024-06-12 02:00:00,BTCUSDT,67415.25,0.0006485091699706552,SHORT,990.2655526746503,0.0,0.0,0.0,990.2655526746503,0.0,0.0,0.0,-0.44925724561689107,-0.44925724561689107,1.0,-0.44925724561689107,True,True
2024-06-12 03:00:00,67415.26,67496.25,67317.77,67407.0,589.92467,0.0001,72,0.0,0.0,unknown,,972.6698757387885,-0.04494233728273848,0.04494233728273848,False,,972.6698757387885,-0.04494233728273848,,unknown,0.44925724561689107,{},,1.0,BTCUSDT,2024-06-12 03:00:00,,,,,990.2655526746503,0.0,0.0,0.0,990.2655526746503,0.0,0.0,0.0,,,,,True,False
2024-06-12 04:00:00,67407.01,67624.89,67350.01,67481.59,973.22406,0.0001,72,0.0,0.0,unknown,,972.6215034398004,-0.0449943063817,0.0449943063817,False,,972.6215034398004,-0.0449943063817,,unknown,0.0,{},,2.0,BTCUSDT,2024-06-12 04:00:00,,,,,990.2655526746503,0.0,0.0,0.0,990.2655526746503,0.0,0.0,0.0,,,,,True,False
2024-06-12 05:00:00,67481.6,67505.13,67195.97,67243.21,577.77673,0.0001,72,0.0,0.0,unknown,,972.776095055738,-0.04482823799320833,0.04482823799320833,False,,972.776095055738,-0.04482823799320833,,unknown,0.0,{},,3.0,BTCUSDT,2024-06-12 05:00:00,,,,,990.2655526746503,0.0,0.0,0.0,990.2655526746503,0.0,0.0,0.0,,,,,True,False
2024-06-12 06:00:00,67243.21,67382.81,67243.2,67281.64,520.52806,0.0001,72,0.0,0.0,unknown,,972.7511728483361,-0.04485500683890444,0.04485500683890444,False,,972.7511728483361,-0.04485500683890444,,unknown,0.0,{},,4.0,BTCUSDT,2024-06-12 06:00:00,,,,,990.2655526746503,0.0,0.0,0.0,990.2655526746503,0.0,0.0,0.0,,,,,True,False
2024-06-12 07:00:00,67281.63,67500.01,67229.78,67453.63,640.98918,0.0001,72,0.0,0.0,unknown,,972.6396357561928,-0.044974825202139794,0.044974825202139794,False,,972.6396357561928,-0.044974825202139794,,unknown,0.0,{},,5.0,BTCUSDT,2024-06-12 07:00:00,,,,,990.2655526746503,0.0,0.0,0.0,990.2655526746503,0.0,0.0,0.0,,,,,True,False
2024-06-12 08:00:00,67453.64,67532.64,67376.1,67393.46,530.28455,0.0001,72,0.0,0.0,unknown,,972.67865655295,-0.04493290411135012,0.04493290411135012,False,,972.67865655295,-0.04493290411135012,,unknown,0.0,{},,6.0,BTCUSDT,2024-06-12 08:00:00,,,,,990.2655526746503,0.0,0.0,0.0,990.2655526746503,0.0,0.0,0.0,,,,,True,False
2024-06-12 09:00:00,67393.47,67804.0,67353.02,67753.32,905.14024,0.0001,72,0.0,0.0,unknown,,972.4452840430442,-0.04518367257978424,0.04518367257978424,False,,972.4452840430442,-0.04518367257978424,,unknown,0.0,{},,7.0,BTCUSDT,2024-06-12 09:00:00,,,,,990.2655526746503,0.0,0.0,0.0,990.2655526746503,0.0,0.0,0.0,,,,,True,False
2024-06-12 10:00:00,67753.33,68059.01,67753.32,67991.98,1156.6136,0.0001,72,0.0,0.0,unknown,,972.2905108445391,-0.045350049211280996,0.045350049211280996,False,,972.2905108445391,-0.045350049211280996,,unknown,0.0,{},,8.0,BTCUSDT,2024-06-12 10:00:00,,,,,990.2655526746503,0.0,0.0,0.0,990.2655526746503,0.0,0.0,0.0,,,,,True,False
2024-06-12 11:00:00,67991.99,68015.4,67716.22,67778.43,766.68201,0.0001,72,0.0,0.0,unknown,,972.4289999777864,-0.04520117497752354,0.04520117497752354,False,,972.4289999777864,-0.04520117497752354,,unknown,0.0,{},,9.0,BTCUSDT,2024-06-12 11:00:00,,,,,990.2655526746503,0.0,0.0,0.0,990.2655526746503,0.0,0.0,0.0,,,,,True,False
2024-06-12 12:00:00,67778.43,69488.0,67736.0,69339.29,5379.40042,0.0001,72,0.0,0.0,unknown,,971.416767954746,-0.046290291549043315,0.046290291549043315,False,,971.416767954746,-0.046290291549043315,,unknown,0.0,{},,10.0,BTCUSDT,2024-06-12 12:00:00,,,,,990.2655526746503,0.0,0.0,0.0,990.2655526746503,0.0,0.0,0.0,,,,,True,False
2024-06-12 13:00:00,69339.29,69649.8,69084.0,69320.0,2735.10239,0.0001,72,0.0,0.0,unknown,,971.4292776966347,-0.04627681777201345,0.04627681777201345,False,,971.4292776966347,-0.04627681777201345,,unknown,0.0,{},,11.0,BTCUSDT,2024-06-12 13:00:00,,,,,990.2655526746503,0.0,0.0,0.0,990.2655526746503,0.0,0.0,0.0,,,,,True,False
2024-06-12 14:00:00,69320.01,69980.0,69300.01,69960.57,2435.37218,0.0001,72,0.0,0.0,unknown,,971.0138621776266,-0.04672443200720694,0.04672443200720694,False,,971.0138621776266,-0.04672443200720694,,unknown,0.0,{},,12.0,BTCUSDT,2024-06-12 14:00:00,,,,,990.2655526746503,0.0,0.0,0.0,990.2655526746503,0.0,0.0,0.0,,,,,True,False
2024-06-12 15:00:00,69960.56,69999.0,69539.54,69734.0,1853.76085,0.0001,72,0.0,0.0,unknown,,971.1607949002669,-0.04656606681015975,0.04656606681015975,False,,971.1607949002669,-0.04656606681015975,,unknown,0.0,{},,13.0,BTCUSDT,2024-06-12 15:00:00,,,,,990.2655526746503,0.0,0.0,0.0,990.2655526746503,0.0,0.0,0.0,,,,,True,False
2024-06-12 16:00:00,69734.0,69786.46,69289.5,69616.0,1321.98201,0.0001,72,-20.0,0.0,trending,,971.2373189823234,-0.04648360755328308,-1.953516392446717,True,True,969.3399909587351,-2.0039146801767904,,trending,-20.0,{},,1.0,BTCUSDT,2024-06-12 16:00:00,BTCUSDT,69616.0,0.027254194776889933,SHORT,990.2655526746503,0.0,0.0,0.0,990.2655526746503,0.0,0.0,0.0,-24.0,-24.0,1.0,-24.0,True,True
2024-06-12 17:00:00,69616.01,69862.4,69492.0,69799.99,1193.83082,0.0001,72,-20.0,0.0,trending,,964.2061724595521,-2.0199087208659523,0.0199087208659523,False,,964.2061724595521,-2.0199087208659523,,trending,0.0,{},,2.0,BTCUSDT,2024-06-12 17:00:00,,,,,990.2655526746503,0.0,0.0,0.0,990.2655526746503,0.0,0.0,0.0,-24.0,-24.0,1.0,-24.0,True,False
2024-06-12 18:00:00,69800.0,69808.47,68575.0,68828.01,4588.76503,0.0001,72,0.0,0.0,unknown,,991.3270426418221,-1.9372896165160443,1.9372896165160443,True,True,989.4046326455443,0.0,,unknown,20.0,{},,1.0,BTCUSDT,2024-06-12 18:00:00,BTCUSDT,68828.01,-0.027902703946860587,CLOSE,990.2655526746503,0.0,0.0,0.0,990.2655526746503,0.0,0.0,0.0,,,,,True,True
2024-06-12 19:00:00,68828.0,69226.14,67250.0,67532.92,4783.44414,0.0001,72,0.0,0.0,unknown,,989.4046326455443,0.0,0.0,,,989.4046326455443,0.0,,unknown,0.0,{},,2.0,,,,,,,990.2655526746503,0.0,0.0,0.0,990.2655526746503,0.0,0.0,0.0,,,,,,
2024-06-12 20:00:00,67532.92,68312.0,67413.51,68103.97,1909.74876,0.0001,72,0.0,0.0,unknown,,989.4046326455443,0.0,0.0,,,989.4046326455443,0.0,,unknown,0.0,{},,3.0,,,,,,,990.2655526746503,0.0,0.0,0.0,990.2655526746503,0.0,0.0,0.0,,,,,,
2024-06-12 21:00:00,68103.96,68667.44,68097.91,68536.0,963.6066,0.0001,72,0.0,0.0,unknown,,989.4046326455443,0.0,0.0,,,989.4046326455443,0.0,,unknown,0.0,{},,4.0,,,,,,,990.2655526746503,0.0,0.0,0.0,990.2655526746503,0.0,0.0,0.0,,,,,,
2024-06-12 22:00:00,68536.0,68539.99,68270.92,68345.82,591.22825,0.0001,72,0.0,0.0,unknown,,989.4046326455443,0.0,0.0,,,989.4046326455443,0.0,,unknown,0.0,{},,5.0,,,,,,,990.2655526746503,0.0,0.0,0.0,990.2655526746503,0.0,0.0,0.0,,,,,,
2024-06-12 23:00:00,68345.81,68347.0,68124.0,68263.99,425.59028,0.0001,72,0.0,0.0,unknown,,989.4046326455443,0.0,0.0,,,989.4046326455443,0.0,,unknown,0.0,{},,6.0,,,,,,,990.2655526746503,0.0,0.0,0.0,990.2655526746503,0.0,0.0,0.0,,,,,,
2024-06-13 00:00:00,68263.98,68393.63,68005.85,68330.02,653.24483,0.0001,70,0.0,0.0,unknown,,989.4046326455443,0.0,0.0,,,989.4046326455443,0.0,,unknown,0.0,{},,7.0,,,,,,,990.2655526746503,0.0,0.0,0.0,990.2655526746503,0.0,0.0,0.0,,,,,,
2024-06-13 01:00:00,68330.02,68363.35,67910.0,67979.63,644.57501,0.0001,70,0.0,0.0,unknown,,989.4046326455443,0.0,0.0,,,989.4046326455443,0.0,,unknown,0.0,{},,8.0,,,,,,,990.2655526746503,0.0,0.0,0.0,990.2655526746503,0.0,0.0,0.0,,,,,,
2024-06-13 02:00:00,67979.63,68177.0,67690.95,67734.81,1421.54407,0.0001,70,0.0,0.0,unknown,,989.4046326455443,0.0,0.0,,,989.4046326455443,0.0,,unknown,0.0,{},,9.0,,,,,,,990.2655526746503,0.0,0.0,0.0,990.2655526746503,0.0,0.0,0.0,,,,,,
2024-06-13 03:00:00,67734.8,67850.08,66969.98,67474.94,2449.28588,0.0001,70,0.0,0.0,unknown,,989.4046326455443,0.0,0.0,,,989.4046326455443,0.0,,unknown,0.0,{},,10.0,,,,,,,990.2655526746503,0.0,0.0,0.0,990.2655526746503,0.0,0.0,0.0,,,,,,
2024-06-13 04:00:00,67474.95,67729.41,67328.0,67328.01,1050.04279,0.0001,70,0.0,0.0,unknown,,989.4046326455443,0.0,0.0,,,989.4046326455443,0.0,,unknown,0.0,{},,11.0,,,,,,,990.2655526746503,0.0,0.0,0.0,990.2655526746503,0.0,0.0,0.0,,,,,,
2024-06-13 05:00:00,67328.01,67680.0,67328.01,67604.04,641.7077,0.0001,70,0.0,0.0,unknown,,989.4046326455443,0.0,0.0,,,989.4046326455443,0.0,,unknown,0.0,{},,12.0,,,,,,,990.2655526746503,0.0,0.0,0.0,990.2655526746503,0.0,0.0,0.0,,,,,,
2024-06-13 06:00:00,67604.04,67614.55,67300.3,67518.57,618.73732,0.0001,70,0.0,0.0,unknown,,989.4046326455443,0.0,0.0,,,989.4046326455443,0.0,,unknown,0.0,{},,13.0,,,,,,,990.2655526746503,0.0,0.0,0.0,990.2655526746503,0.0,0.0,0.0,,,,,,
2024-06-13 07:00:00,67518.58,67724.81,67399.99,67724.81,653.27078,0.0001,70,0.0,0.0,unknown,,989.4046326455443,0.0,0.0,,,989.4046326455443,0.0,,unknown,0.0,{},,14.0,,,,,,,990.2655526746503,0.0,0.0,0.0,990.2655526746503,0.0,0.0,0.0,,,,,,
2024-06-13 08:00:00,67724.8,67752.06,67508.0,67565.56,609.72584,0.0001,70,0.0,0.0,unknown,,989.4046326455443,0.0,0.0,,,989.4046326455443,0.0,,unknown,0.0,{},,15.0,,,,,,,990.2655526746503,0.0,0.0,0.0,990.2655526746503,0.0,0.0,0.0,,,,,,
2024-06-13 09:00:00,67565.57,67569.67,67168.0,67419.86,1062.57603,0.0001,70,0.0,0.0,unknown,,989.4046326455443,0.0,0.0,,,989.4046326455443,0.0,,unknown,0.0,{},,16.0,,,,,,,990.2655526746503,0.0,0.0,0.0,990.2655526746503,0.0,0.0,0.0,,,,,,
2024-06-13 10:00:00,67419.86,67971.2,67230.94,67820.4,1099.80601,0.0001,70,0.0,0.0,unknown,,989.4046326455443,0.0,0.0,,,989.4046326455443,0.0,,unknown,0.0,{},,17.0,,,,,,,990.2655526746503,0.0,0.0,0.0,990.2655526746503,0.0,0.0,0.0,,,,,,
2024-06-13 11:00:00,67820.4,67961.07,67648.49,67739.99,990.11181,0.0001,70,0.0,0.0,unknown,,989.4046326455443,0.0,0.0,,,989.4046326455443,0.0,,unknown,0.0,{},,18.0,,,,,,,990.2655526746503,0.0,0.0,0.0,990.2655526746503,0.0,0.0,0.0,,,,,,
2024-06-13 12:00:00,67740.0,68449.3,67439.43,67749.54,2656.79802,0.0001,70,0.0,0.0,unknown,,989.4046326455443,0.0,0.0,,,989.4046326455443,0.0,,unknown,0.0,{},,19.0,,,,,,,990.2655526746503,0.0,0.0,0.0,990.2655526746503,0.0,0.0,0.0,,,,,,
2024-06-13 13:00:00,67749.54,68272.0,67521.55,67589.99,1896.88356,0.0001,70,0.0,0.0,unknown,,989.4046326455443,0.0,0.0,,,989.4046326455443,0.0,,unknown,0.0,{},,20.0,,,,,,,990.2655526746503,0.0,0.0,0.0,990.2655526746503,0.0,0.0,0.0,,,,,,
2024-06-13 14:00:00,67590.0,67739.28,67150.0,67365.62,2241.2768,0.0001,70,0.0,0.0,unknown,,989.4046326455443,0.0,0.0,,,989.4046326455443,0.0,,unknown,0.0,{},,21.0,,,,,,,990.2655526746503,0.0,0.0,0.0,990.2655526746503,0.0,0.0,0.0,,,,,,
2024-06-13 15:00:00,67365.62,67537.87,66368.76,66470.01,3376.95479,0.0001,70,0.0,0.0,unknown,,989.4046326455443,0.0,0.0,,,989.4046326455443,0.0,,unknown,0.0,{},,22.0,,,,,,,990.2655526746503,0.0,0.0,0.0,990.2655526746503,0.0,0.0,0.0,,,,,,
2024-06-13 16:00:00,66470.01,67019.42,66251.78,66976.0,2330.72822,0.0001,70,0.0,0.0,unknown,,989.4046326455443,0.0,0.0,,,989.4046326455443,0.0,,unknown,0.0,{},,23.0,,,,,,,990.2655526746503,0.0,0.0,0.0,990.2655526746503,0.0,0.0,0.0,,,,,,
2024-06-13 17:00:00,66976.01,67080.13,66639.47,66920.0,1129.90298,0.0001,70,0.0,0.0,unknown,,989.4046326455443,0.0,0.0,,,989.4046326455443,0.0,,unknown,0.0,{},,24.0,,,,,,,990.2655526746503,0.0,0.0,0.0,990.2655526746503,0.0,0.0,0.0,,,,,,
2024-06-13 18:00:00,66919.99,66976.87,66693.43,66862.99,808.59044,0.0001,70,0.0,0.0,unknown,,989.4046326455443,0.0,0.0,,,989.4046326455443,0.0,,unknown,0.0,{},,25.0,,,,,,,990.2655526746503,0.0,0.0,0.0,990.2655526746503,0.0,0.0,0.0,,,,,,
2024-06-13 19:00:00,66862.99,66884.0,66588.83,66604.01,822.61164,0.0001,70,0.0,0.0,unknown,,989.4046326455443,0.0,0.0,,,989.4046326455443,0.0,,unknown,0.0,{},,26.0,,,,,,,990.2655526746503,0.0,0.0,0.0,990.2655526746503,0.0,0.0,0.0,,,,,,
2024-06-13 20:00:00,66604.01,66810.48,66530.84,66712.98,599.29078,0.0001,70,0.0,0.0,unknown,,989.4046326455443,0.0,0.0,,,989.4046326455443,0.0,,unknown,0.0,{},,27.0,,,,,,,990.2655526746503,0.0,0.0,0.0,990.2655526746503,0.0,0.0,0.0,,,,,,
2024-06-13 21:00:00,66712.97,66969.99,66680.14,66969.99,532.99338,0.0001,70,0.0,0.0,unknown,,989.4046326455443,0.0,0.0,,,989.4046326455443,0.0,,unknown,0.0,{},,28.0,,,,,,,990.2655526746503,0.0,0.0,0.0,990.2655526746503,0.0,0.0,0.0,,,,,,
2024-06-13 22:00:00,66969.99,66980.0,66840.07,66896.0,416.84137,0.0001,70,0.0,0.0,unknown,,989.4046326455443,0.0,0.0,,,989.4046326455443,0.0,,unknown,0.0,{},,29.0,,,,,,,990.2655526746503,0.0,0.0,0.0,990.2655526746503,0.0,0.0,0.0,,,,,,
2024-06-13 23:00:00,66895.99,66909.26,66681.4,66773.01,372.05566,0.0001,70,0.0,0.0,unknown,,989.4046326455443,0.0,0.0,,,989.4046326455443,0.0,,unknown,0.0,{},,30.0,,,,,,,990.2655526746503,0.0,0.0,0.0,990.2655526746503,0.0,0.0,0.0,,,,,,
2024-06-14 00:00:00,66773.01,66897.96,66604.6,66727.73,762.28668,0.0001,74,0.0,0.0,unknown,,989.4046326455443,0.0,0.0,,,989.4046326455443,0.0,,unknown,0.0,{},,31.0,,,,,,,990.2655526746503,0.0,0.0,0.0,990.2655526746503,0.0,0.0,0.0,,,,,,
2024-06-14 01:00:00,66727.73,66833.1,66480.0,66806.17,665.04544,0.0001,74,0.0,0.0,unknown,,989.4046326455443,0.0,0.0,,,989.4046326455443,0.0,,unknown,0.0,{},,32.0,,,,,,,990.2655526746503,0.0,0.0,0.0,990.2655526746503,0.0,0.0,0.0,,,,,,
2024-06-14 02:00:00,66806.17,67027.32,66713.5,66952.0,732.09671,0.0001,74,0.0,0.0,unknown,,989.4046326455443,0.0,0.0,,,989.4046326455443,0.0,,unknown,0.0,{},,33.0,,,,,,,990.2655526746503,0.0,0.0,0.0,990.2655526746503,0.0,0.0,0.0,,,,,,
2024-06-14 03:00:00,66952.01,66982.98,66676.28,66744.0,545.50916,0.0001,74,0.0,0.0,unknown,,989.4046326455443,0.0,0.0,,,989.4046326455443,0.0,,unknown,0.0,{},,34.0,,,,,,,990.2655526746503,0.0,0.0,0.0,990.2655526746503,0.0,0.0,0.0,,,,,,
2024-06-14 04:00:00,66744.0,66833.33,66717.0,66717.39,359.54742,0.0001,74,0.0,0.0,unknown,,989.4046326455443,0.0,0.0,,,989.4046326455443,0.0,,unknown,0.0,{},,35.0,,,,,,,990.2655526746503,0.0,0.0,0.0,990.2655526746503,0.0,0.0,0.0,,,,,,
2024-06-14 05:00:00,66717.38,67221.32,66707.76,67052.49,894.3083,0.0001,74,0.0,0.0,unknown,,989.4046326455443,0.0,0.0,,,989.4046326455443,0.0,,unknown,0.0,{},,36.0,,,,,,,990.2655526746503,0.0,0.0,0.0,990.2655526746503,0.0,0.0,0.0,,,,,,
2024-06-14 06:00:00,67052.5,67124.29,66876.0,66962.41,731.33334,0.0001,74,0.0,0.0,unknown,,989.4046326455443,0.0,0.0,,,989.4046326455443,0.0,,unknown,0.0,{},,37.0,,,,,,,990.2655526746503,0.0,0.0,0.0,990.2655526746503,0.0,0.0,0.0,,,,,,
2024-06-14 07:00:00,66962.4,67110.1,66885.68,66904.98,957.85519,0.0001,74,0.0,0.0,unknown,,989.4046326455443,0.0,0.0,,,989.4046326455443,0.0,,unknown,0.0,{},,38.0,,,,,,,990.2655526746503,0.0,0.0,0.0,990.2655526746503,0.0,0.0,0.0,,,,,,
2024-06-14 08:00:00,66904.98,67256.32,66863.46,67152.04,1185.19372,0.0001,74,0.0,0.0,unknown,,989.4046326455443,0.0,0.0,,,989.4046326455443,0.0,,unknown,0.0,{},,39.0,,,,,,,990.2655526746503,0.0,0.0,0.0,990.2655526746503,0.0,0.0,0.0,,,,,,
2024-06-14 09:00:00,67152.04,67152.04,66899.39,66920.01,824.75726,0.0001,74,0.0,0.0,unknown,,989.4046326455443,0.0,0.0,,,989.4046326455443,0.0,,unknown,0.0,{},,40.0,,,,,,,990.2655526746503,0.0,0.0,0.0,990.2655526746503,0.0,0.0,0.0,,,,,,
2024-06-14 10:00:00,66920.01,67015.92,66836.54,66873.14,620.47859,0.0001,74,0.0,0.0,unknown,,989.4046326455443,0.0,0.0,,,989.4046326455443,0.0,,unknown,0.0,{},,41.0,,,,,,,990.2655526746503,0.0,0.0,0.0,990.2655526746503,0.0,0.0,0.0,,,,,,
2024-06-14 11:00:00,66873.15,67101.0,66746.4,67036.0,753.50403,0.0001,74,0.0,0.0,unknown,,989.4046326455443,0.0,0.0,,,989.4046326455443,0.0,,unknown,0.0,{},,42.0,,,,,,,990.2655526746503,0.0,0.0,0.0,990.2655526746503,0.0,0.0,0.0,,,,,,
2024-06-14 12:00:00,67035.99,67288.0,66960.58,67083.3,927.69147,0.0001,74,0.0,0.0,unknown,,989.4046326455443,0.0,0.0,,,989.4046326455443,0.0,,unknown,0.0,{},,43.0,,,,,,,990.2655526746503,0.0,0.0,0.0,990.2655526746503,0.0,0.0,0.0,,,,,,
2024-06-14 13:00:00,67083.31,67370.24,66950.0,67070.5,1248.80917,0.0001,74,0.0,0.0,unknown,,989.4046326455443,0.0,0.0,,,989.4046326455443,0.0,,unknown,0.0,{},,44.0,,,,,,,990.2655526746503,0.0,0.0,0.0,990.2655526746503,0.0,0.0,0.0,,,,,,
2024-06-14 14:00:00,67070.49,67115.25,66561.3,66982.98,1941.14189,0.0001,74,0.0,0.0,unknown,,989.4046326455443,0.0,0.0,,,989.4046326455443,0.0,,unknown,0.0,{},,45.0,,,,,,,990.2655526746503,0.0,0.0,0.0,990.2655526746503,0.0,0.0,0.0,,,,,,
2024-06-14 15:00:00,66982.98,67059.46,66344.67,66392.0,1612.81579,0.0001,74,0.0,0.0,unknown,,989.4046326455443,0.0,0.0,,,989.4046326455443,0.0,,unknown,0.0,{},,46.0,,,,,,,990.2655526746503,0.0,0.0,0.0,990.2655526746503,0.0,0.0,0.0,,,,,,
2024-06-14 16:00:00,66392.0,66520.0,65200.87,65293.4,5528.72338,0.0001,74,0.0,0.0,unknown,,989.4046326455443,0.0,0.0,,,989.4046326455443,0.0,,unknown,0.0,{},,47.0,,,,,,,990.2655526746503,0.0,0.0,0.0,990.2655526746503,0.0,0.0,0.0,,,,,,
2024-06-14 17:00:00,65293.39,65753.23,65078.31,65416.01,1609.37202,0.0001,74,0.0,0.0,unknown,,989.4046326455443,0.0,0.0,,,989.4046326455443,0.0,,unknown,0.0,{},,48.0,,,,,,,990.2655526746503,0.0,0.0,0.0,990.2655526746503,0.0,0.0,0.0,,,,,,
2024-06-14 18:00:00,65416.01,65537.31,65078.0,65524.86,1647.78965,0.0001,74,0.0,0.0,unknown,,989.4046326455443,0.0,0.0,,,989.4046326455443,0.0,,unknown,0.0,{},,49.0,,,,,,,990.2655526746503,0.0,0.0,0.0,990.2655526746503,0.0,0.0,0.0,,,,,,
2024-06-14 19:00:00,65524.85,65684.0,65299.99,65520.02,897.89248,0.0001,74,0.0,0.0,unknown,,989.4046326455443,0.0,0.0,,,989.4046326455443,0.0,,unknown,0.0,{},,50.0,,,,,,,990.2655526746503,0.0,0.0,0.0,990.2655526746503,0.0,0.0,0.0,,,,,,
2024-06-14 20:00:00,65520.02,65970.23,65480.0,65766.41,901.37516,0.0001,74,0.0,0.0,unknown,,989.4046326455443,0.0,0.0,,,989.4046326455443,0.0,,unknown,0.0,{},,51.0,,,,,,,990.2655526746503,0.0,0.0,0.0,990.2655526746503,0.0,0.0,0.0,,,,,,
2024-06-14 21:00:00,65766.41,66627.52,65725.77,66196.01,1843.14999,0.0001,74,0.0,0.0,unknown,,989.4046326455443,0.0,0.0,,,989.4046326455443,0.0,,unknown,0.0,{},,52.0,,,,,,,990.2655526746503,0.0,0.0,0.0,990.2655526746503,0.0,0.0,0.0,,,,,,
2024-06-14 22:00:00,66196.01,66252.0,65882.35,66014.01,869.02998,0.0001,74,0.0,0.0,unknown,,989.4046326455443,0.0,0.0,,,989.4046326455443,0.0,,unknown,0.0,{},,53.0,,,,,,,990.2655526746503,0.0,0.0,0.0,990.2655526746503,0.0,0.0,0.0,,,,,,
2024-06-14 23:00:00,66014.01,66081.39,65916.0,66043.99,348.48115,0.0001,74,0.0,0.0,unknown,,989.4046326455443,0.0,0.0,,,989.4046326455443,0.0,,unknown,0.0,{},,54.0,,,,,,,990.2655526746503,0.0,0.0,0.0,990.2655526746503,0.0,0.0,0.0,,,,,,
2024-06-15 00:00:00,66043.99,66287.76,65967.5,66185.62,835.37883,0.0001,74,0.0,0.0,unknown,,989.4046326455443,0.0,0.0,,,989.4046326455443,0.0,,unknown,0.0,{},,55.0,,,,,,,990.2655526746503,0.0,0.0,0.0,990.2655526746503,0.0,0.0,0.0,,,,,,
2024-06-15 01:00:00,66185.62,66290.0,66064.88,66076.01,380.8254,0.0001,74,0.0,0.0,unknown,,989.4046326455443,0.0,0.0,,,989.4046326455443,0.0,,unknown,0.0,{},,56.0,,,,,,,990.2655526746503,0.0,0.0,0.0,990.2655526746503,0.0,0.0,0.0,,,,,,
2024-06-15 02:00:00,66076.0,66253.29,66050.32,66215.35,310.18359,0.0001,74,0.0,0.0,unknown,,989.4046326455443,0.0,0.0,,,989.4046326455443,0.0,,unknown,0.0,{},,57.0,,,,,,,990.2655526746503,0.0,0.0,0.0,990.2655526746503,0.0,0.0,0.0,,,,,,
2024-06-15 03:00:00,66215.34,66273.88,66192.0,66267.87,481.86121,0.0001,74,0.0,0.0,unknown,,989.4046326455443,0.0,0.0,,,989.4046326455443,0.0,,unknown,0.0,{},,58.0,,,,,,,990.2655526746503,0.0,0.0,0.0,990.2655526746503,0.0,0.0,0.0,,,,,,
2024-06-15 04:00:00,66267.87,66380.58,66210.0,66246.85,509.33409,0.0001,74,0.0,0.0,unknown,,989.4046326455443,0.0,0.0,,,989.4046326455443,0.0,,unknown,0.0,{},,59.0,,,,,,,990.2655526746503,0.0,0.0,0.0,990.2655526746503,0.0,0.0,0.0,,,,,,
2024-06-15 05:00:00,66246.84,66389.1,66215.29,66231.82,459.71934,0.0001,74,0.0,0.0,unknown,,989.4046326455443,0.0,0.0,,,989.4046326455443,0.0,,unknown,0.0,{},,60.0,,,,,,,990.2655526746503,0.0,0.0,0.0,990.2655526746503,0.0,0.0,0.0,,,,,,
2024-06-15 06:00:00,66231.81,66416.66,66127.0,66168.57,848.80651,0.0001,74,0.0,0.0,unknown,,989.4046326455443,0.0,0.0,,,989.4046326455443,0.0,,unknown,0.0,{},,61.0,,,,,,,990.2655526746503,0.0,0.0,0.0,990.2655526746503,0.0,0.0,0.0,,,,,,
2024-06-15 07:00:00,66168.57,66200.0,66065.8,66076.99,1073.61193,0.0001,74,0.0,0.0,unknown,,989.4046326455443,0.0,0.0,,,989.4046326455443,0.0,,unknown,0.0,{},,62.0,,,,,,,990.2655526746503,0.0,0.0,0.0,990.2655526746503,0.0,0.0,0.0,,,,,,
2024-06-15 08:00:00,66076.99,66221.31,66076.98,66221.31,285.96083,0.0001,74,0.0,0.0,unknown,,989.4046326455443,0.0,0.0,,,989.4046326455443,0.0,,unknown,0.0,{},,63.0,,,,,,,990.2655526746503,0.0,0.0,0.0,990.2655526746503,0.0,0.0,0.0,,,,,,
2024-06-15 09:00:00,66221.31,66280.8,66086.51,66227.0,339.29279,0.0001,74,0.0,0.0,unknown,,989.4046326455443,0.0,0.0,,,989.4046326455443,0.0,,unknown,0.0,{},,64.0,,,,,,,990.2655526746503,0.0,0.0,0.0,990.2655526746503,0.0,0.0,0.0,,,,,,
2024-06-15 10:00:00,66227.0,66306.31,66195.91,66300.01,361.43381,0.0001,74,0.0,0.0,unknown,,989.4046326455443,0.0,0.0,,,989.4046326455443,0.0,,unknown,0.0,{},,65.0,,,,,,,990.2655526746503,0.0,0.0,0.0,990.2655526746503,0.0,0.0,0.0,,,,,,
2024-06-15 11:00:00,66300.01,66348.0,66264.01,66319.95,507.09036,0.0001,74,0.0,0.0,unknown,,989.4046326455443,0.0,0.0,,,989.4046326455443,0.0,,unknown,0.0,{},,66.0,,,,,,,990.2655526746503,0.0,0.0,0.0,990.2655526746503,0.0,0.0,0.0,,,,,,
2024-06-15 12:00:00,66319.94,66360.0,66222.7,66348.01,342.37283,0.0001,74,0.0,0.0,unknown,,989.4046326455443,0.0,0.0,,,989.4046326455443,0.0,,unknown,0.0,{},,67.0,,,,,,,990.2655526746503,0.0,0.0,0.0,990.2655526746503,0.0,0.0,0.0,,,,,,
2024-06-15 13:00:00,66348.01,66354.82,66240.11,66313.47,340.40198,0.0001,74,0.0,0.0,unknown,,989.4046326455443,0.0,0.0,,,989.4046326455443,0.0,,unknown,0.0,{},,68.0,,,,,,,990.2655526746503,0.0,0.0,0.0,990.2655526746503,0.0,0.0,0.0,,,,,,
2024-06-15 14:00:00,66313.47,66313.47,66153.84,66220.52,564.32062,0.0001,74,0.0,0.0,unknown,,989.4046326455443,0.0,0.0,,,989.4046326455443,0.0,,unknown,0.0,{},,69.0,,,,,,,990.2655526746503,0.0,0.0,0.0,990.2655526746503,0.0,0.0,0.0,,,,,,
2024-06-15 15:00:00,66220.51,66478.48,66210.83,66316.02,853.45194,0.0001,74,0.0,0.0,unknown,,989.4046326455443,0.0,0.0,,,989.4046326455443,0.0,,unknown,0.0,{},,70.0,,,,,,,990.2655526746503,0.0,0.0,0.0,990.2655526746503,0.0,0.0,0.0,,,,,,
2024-06-15 16:00:00,66316.02,66360.0,66179.99,66184.0,410.46563,0.0001,74,0.0,0.0,unknown,,989.4046326455443,0.0,0.0,,,989.4046326455443,0.0,,unknown,0.0,{},,71.0,,,,,,,990.2655526746503,0.0,0.0,0.0,990.2655526746503,0.0,0.0,0.0,,,,,,
2024-06-15 17:00:00,66184.0,66304.94,66133.92,66250.01,426.7889,0.0001,74,0.0,0.0,unknown,,989.4046326455443,0.0,0.0,,,989.4046326455443,0.0,,unknown,0.0,{},,72.0,,,,,,,990.2655526746503,0.0,0.0,0.0,990.2655526746503,0.0,0.0,0.0,,,,,,
2024-06-15 18:00:00,66250.0,66250.0,66139.5,66145.19,344.05073,0.0001,74,0.0,0.0,unknown,,989.4046326455443,0.0,0.0,,,989.4046326455443,0.0,,unknown,0.0,{},,73.0,,,,,,,990.2655526746503,0.0,0.0,0.0,990.2655526746503,0.0,0.0,0.0,,,,,,
2024-06-15 19:00:00,66145.19,66208.0,66071.47,66154.7,250.34183,0.0001,74,0.0,0.0,unknown,,989.4046326455443,0.0,0.0,,,989.4046326455443,0.0,,unknown,0.0,{},,74.0,,,,,,,990.2655526746503,0.0,0.0,0.0,990.2655526746503,0.0,0.0,0.0,,,,,,
2024-06-15 20:00:00,66154.7,66170.99,65857.1,66048.02,711.4407,0.0001,74,0.0,0.0,unknown,,989.4046326455443,0.0,0.0,,,989.4046326455443,0.0,,unknown,0.0,{},,75.0,,,,,,,990.2655526746503,0.0,0.0,0.0,990.2655526746503,0.0,0.0,0.0,,,,,,
2024-06-15 21:00:00,66048.02,66149.0,66042.85,66126.89,245.18396,0.0001,74,0.0,0.0,unknown,,989.4046326455443,0.0,0.0,,,989.4046326455443,0.0,,unknown,0.0,{},,76.0,,,,,,,990.2655526746503,0.0,0.0,0.0,990.2655526746503,0.0,0.0,0.0,,,,,,
2024-06-15 22:00:00,66126.89,66200.0,66045.08,66200.0,350.99333,0.0001,74,0.0,0.0,unknown,,989.4046326455443,0.0,0.0,,,989.4046326455443,0.0,,unknown,0.0,{},,77.0,,,,,,,990.2655526746503,0.0,0.0,0.0,990.2655526746503,0.0,0.0,0.0,,,,,,
2024-06-15 23:00:00,66199.99,66287.76,66199.99,66228.25,218.49128,0.0001,74,0.0,0.0,unknown,,989.4046326455443,0.0,0.0,,,989.4046326455443,0.0,,unknown,0.0,{},,78.0,,,,,,,990.2655526746503,0.0,0.0,0.0,990.2655526746503,0.0,0.0,0.0,,,,,,
2024-06-16 00:00:00,66228.25,66269.74,66161.95,66161.96,223.59845,0.0001,71,0.0,0.0,unknown,,989.4046326455443,0.0,0.0,,,989.4046326455443,0.0,,unknown,0.0,{},,79.0,,,,,,,990.2655526746503,0.0,0.0,0.0,990.2655526746503,0.0,0.0,0.0,,,,,,
2024-06-16 01:00:00,66161.96,66218.48,66102.03,66175.68,256.25855,0.0001,71,0.0,0.0,unknown,,989.4046326455443,0.0,0.0,,,989.4046326455443,0.0,,unknown,0.0,{},,80.0,,,,,,,990.2655526746503,0.0,0.0,0.0,990.2655526746503,0.0,0.0,0.0,,,,,,
2024-06-16 02:00:00,66175.68,66182.26,66114.27,66142.86,149.85752,0.0001,71,0.0,0.0,unknown,,989.4046326455443,0.0,0.0,,,989.4046326455443,0.0,,unknown,0.0,{},,81.0,,,,,,,990.2655526746503,0.0,0.0,0.0,990.2655526746503,0.0,0.0,0.0,,,,,,
2024-06-16 03:00:00,66142.86,66164.3,66076.55,66146.0,160.87464,0.0001,71,0.0,0.0,unknown,,989.4046326455443,0.0,0.0,,,989.4046326455443,0.0,,unknown,0.0,{},,82.0,,,,,,,990.2655526746503,0.0,0.0,0.0,990.2655526746503,0.0,0.0,0.0,,,,,,
2024-06-16 04:00:00,66145.99,66207.72,66034.5,66166.02,203.12394,0.0001,71,0.0,0.0,unknown,,989.4046326455443,0.0,0.0,,,989.4046326455443,0.0,,unknown,0.0,{},,83.0,,,,,,,990.2655526746503,0.0,0.0,0.0,990.2655526746503,0.0,0.0,0.0,,,,,,
2024-06-16 05:00:00,66166.02,66264.0,66166.01,66264.0,292.77588,0.0001,71,0.0,0.0,unknown,,989.4046326455443,0.0,0.0,,,989.4046326455443,0.0,,unknown,0.0,{},,84.0,,,,,,,990.2655526746503,0.0,0.0,0.0,990.2655526746503,0.0,0.0,0.0,,,,,,
2024-06-16 06:00:00,66264.0,66360.18,66178.77,66312.01,420.12202,0.0001,71,0.0,0.0,unknown,,989.4046326455443,0.0,0.0,,,989.4046326455443,0.0,,unknown,0.0,{},,85.0,,,,,,,990.2655526746503,0.0,0.0,0.0,990.2655526746503,0.0,0.0,0.0,,,,,,
2024-06-16 07:00:00,66312.01,66357.97,66252.0,66266.3,263.94537,0.0001,71,0.0,0.0,unknown,,989.4046326455443,0.0,0.0,,,989.4046326455443,0.0,,unknown,0.0,{},,86.0,,,,,,,990.2655526746503,0.0,0.0,0.0,990.2655526746503,0.0,0.0,0.0,,,,,,
2024-06-16 08:00:00,66266.3,66340.0,66241.64,66272.51,215.38158,0.0001,71,0.0,0.0,unknown,,989.4046326455443,0.0,0.0,,,989.4046326455443,0.0,,unknown,0.0,{},,87.0,,,,,,,990.2655526746503,0.0,0.0,0.0,990.2655526746503,0.0,0.0,0.0,,,,,,
2024-06-16 09:00:00,66272.51,66428.45,66172.5,66409.97,880.00508,0.0001,71,0.0,0.0,unknown,,989.4046326455443,0.0,0.0,,,989.4046326455443,0.0,,unknown,0.0,{},,88.0,,,,,,,990.2655526746503,0.0,0.0,0.0,990.2655526746503,0.0,0.0,0.0,,,,,,
2024-06-16 10:00:00,66409.97,66770.0,66372.47,66716.31,846.02903,0.0001,71,0.0,0.0,unknown,,989.4046326455443,0.0,0.0,,,989.4046326455443,0.0,,unknown,0.0,{},,89.0,,,,,,,990.2655526746503,0.0,0.0,0.0,990.2655526746503,0.0,0.0,0.0,,,,,,
2024-06-16 11:00:00,66716.31,66742.39,66435.15,66492.83,454.36316,0.0001,71,0.0,0.0,unknown,,989.4046326455443,0.0,0.0,,,989.4046326455443,0.0,,unknown,0.0,{},,90.0,,,,,,,990.2655526746503,0.0,0.0,0.0,990.2655526746503,0.0,0.0,0.0,,,,,,
2024-06-16 12:00:00,66492.83,66642.2,66480.0,66597.47,315.8042,0.0001,71,0.0,0.0,unknown,,989.4046326455443,0.0,0.0,,,989.4046326455443,0.0,,unknown,0.0,{},,91.0,,,,,,,990.2655526746503,0.0,0.0,0.0,990.2655526746503,0.0,0.0,0.0,,,,,,
2024-06-16 13:00:00,66597.48,66762.5,66560.0,66762.49,556.85752,0.0001,71,0.0,0.0,unknown,,989.4046326455443,0.0,0.0,,,989.4046326455443,0.0,,unknown,0.0,{},,92.0,,,,,,,990.2655526746503,0.0,0.0,0.0,990.2655526746503,0.0,0.0,0.0,,,,,,
2024-06-16 14:00:00,66762.49,66793.72,66504.0,66519.02,655.22459,0.0001,71,0.0,0.0,unknown,,989.4046326455443,0.0,0.0,,,989.4046326455443,0.0,,unknown,0.0,{},,93.0,,,,,,,990.2655526746503,0.0,0.0,0.0,990.2655526746503,0.0,0.0,0.0,,,,,,
2024-06-16 15:00:00,66519.01,66723.0,66512.06,66712.8,326.44028,0.0001,71,0.0,0.0,unknown,,989.4046326455443,0.0,0.0,,,989.4046326455443,0.0,,unknown,0.0,{},,94.0,,,,,,,990.2655526746503,0.0,0.0,0.0,990.2655526746503,0.0,0.0,0.0,,,,,,
2024-06-16 16:00:00,66712.8,66744.71,66557.2,66592.19,353.20377,0.0001,71,0.0,0.0,unknown,,989.4046326455443,0.0,0.0,,,989.4046326455443,0.0,,unknown,0.0,{},,95.0,,,,,,,990.2655526746503,0.0,0.0,0.0,990.2655526746503,0.0,0.0,0.0,,,,,,
2024-06-16 17:00:00,66592.19,66669.99,66522.0,66578.02,372.34466,0.0001,71,0.0,0.0,unknown,,989.4046326455443,0.0,0.0,,,989.4046326455443,0.0,,unknown,0.0,{},,96.0,,,,,,,990.2655526746503,0.0,0.0,0.0,990.2655526746503,0.0,0.0,0.0,,,,,,
2024-06-16 18:00:00,66578.02,66669.95,66573.51,66590.01,237.38299,0.0001,71,0.0,0.0,unknown,,989.4046326455443,0.0,0.0,,,989.4046326455443,0.0,,unknown,0.0,{},,97.0,,,,,,,990.2655526746503,0.0,0.0,0.0,990.2655526746503,0.0,0.0,0.0,,,,,,
2024-06-16 19:00:00,66590.01,66647.69,66522.0,66562.52,177.53389,0.0001,71,0.0,0.0,unknown,,989.4046326455443,0.0,0.0,,,989.4046326455443,0.0,,unknown,0.0,{},,98.0,,,,,,,990.2655526746503,0.0,0.0,0.0,990.2655526746503,0.0,0.0,0.0,,,,,,
2024-06-16 20:00:00,66562.52,66620.01,66461.25,66517.55,309.00194,0.0001,71,0.0,0.0,unknown,,989.4046326455443,0.0,0.0,,,989.4046326455443,0.0,,unknown,0.0,{},,99.0,,,,,,,990.2655526746503,0.0,0.0,0.0,990.2655526746503,0.0,0.0,0.0,,,,,,
2024-06-16 21:00:00,66517.54,66541.53,66460.0,66525.0,189.30242,0.0001,71,0.0,0.0,unknown,,989.4046326455443,0.0,0.0,,,989.4046326455443,0.0,,unknown,0.0,{},,100.0,,,,,,,990.2655526746503,0.0,0.0,0.0,990.2655526746503,0.0,0.0,0.0,,,,,,
2024-06-16 22:00:00,66525.01,66998.7,66525.0,66755.99,1146.76764,0.0001,71,0.0,0.0,unknown,,989.4046326455443,0.0,0.0,,,989.4046326455443,0.0,,unknown,0.0,{},,101.0,,,,,,,990.2655526746503,0.0,0.0,0.0,990.2655526746503,0.0,0.0,0.0,,,,,,
2024-06-16 23:00:00,66755.99,66826.13,66631.4,66676.87,386.32311,0.0001,71,0.0,0.0,unknown,,989.4046326455443,0.0,0.0,,,989.4046326455443,0.0,,unknown,0.0,{},,102.0,,,,,,,990.2655526746503,0.0,0.0,0.0,990.2655526746503,0.0,0.0,0.0,,,,,,
2024-06-17 00:00:00,66676.86,66913.69,66549.37,66583.96,735.55873,0.0001,71,0.0,0.0,unknown,,989.4046326455443,0.0,0.0,,,989.4046326455443,0.0,,unknown,0.0,{},,103.0,,,,,,,990.2655526746503,0.0,0.0,0.0,990.2655526746503,0.0,0.0,0.0,,,,,,
2024-06-17 01:00:00,66583.96,66610.0,66234.26,66472.26,961.96966,0.0001,71,0.0,0.0,unknown,,989.4046326455443,0.0,0.0,,,989.4046326455443,0.0,,unknown,0.0,{},,104.0,,,,,,,990.2655526746503,0.0,0.0,0.0,990.2655526746503,0.0,0.0,0.0,,,,,,
2024-06-17 02:00:00,66472.25,66480.0,66213.71,66344.02,1076.67846,0.0001,71,0.0,0.0,unknown,,989.4046326455443,0.0,0.0,,,989.4046326455443,0.0,,unknown,0.0,{},,105.0,,,,,,,990.2655526746503,0.0,0.0,0.0,990.2655526746503,0.0,0.0,0.0,,,,,,
2024-06-17 03:00:00,66344.01,66431.36,66155.0,66222.0,533.17482,0.0001,71,0.0,0.0,unknown,,989.4046326455443,0.0,0.0,,,989.4046326455443,0.0,,unknown,0.0,{},,106.0,,,,,,,990.2655526746503,0.0,0.0,0.0,990.2655526746503,0.0,0.0,0.0,,,,,,
2024-06-17 04:00:00,66222.0,66447.88,66170.77,66447.88,497.32084,0.0001,71,0.0,0.0,unknown,,989.4046326455443,0.0,0.0,,,989.4046326455443,0.0,,unknown,0.0,{},,107.0,,,,,,,990.2655526746503,0.0,0.0,0.0,990.2655526746503,0.0,0.0,0.0,,,,,,
2024-06-17 05:00:00,66447.88,66567.68,66295.0,66351.62,476.40709,0.0001,71,0.0,0.0,unknown,,989.4046326455443,0.0,0.0,,,989.4046326455443,0.0,,unknown,0.0,{},,108.0,,,,,,,990.2655526746503,0.0,0.0,0.0,990.2655526746503,0.0,0.0,0.0,,,,,,
2024-06-17 06:00:00,66351.62,66398.0,66080.0,66132.4,837.29384,0.0001,71,0.0,0.0,unknown,,989.4046326455443,0.0,0.0,,,989.4046326455443,0.0,,unknown,0.0,{},,109.0,,,,,,,990.2655526746503,0.0,0.0,0.0,990.2655526746503,0.0,0.0,0.0,,,,,,
2024-06-17 07:00:00,66132.4,66376.0,65939.67,66172.0,1032.03165,0.0001,71,0.0,0.0,unknown,,989.4046326455443,0.0,0.0,,,989.4046326455443,0.0,,unknown,0.0,{},,110.0,,,,,,,990.2655526746503,0.0,0.0,0.0,990.2655526746503,0.0,0.0,0.0,,,,,,
2024-06-17 08:00:00,66172.0,66317.64,65984.01,66194.51,730.25457,0.0001,71,0.0,0.0,unknown,,989.4046326455443,0.0,0.0,,,989.4046326455443,0.0,,unknown,0.0,{},,111.0,,,,,,,990.2655526746503,0.0,0.0,0.0,990.2655526746503,0.0,0.0,0.0,,,,,,
2024-06-17 09:00:00,66194.5,66250.01,65645.34,65722.08,1260.94761,0.0001,71,0.0,0.0,unknown,,989.4046326455443,0.0,0.0,,,989.4046326455443,0.0,,unknown,0.0,{},,112.0,,,,,,,990.2655526746503,0.0,0.0,0.0,990.2655526746503,0.0,0.0,0.0,,,,,,
2024-06-17 10:00:00,65722.07,65960.01,65556.0,65890.0,1393.98219,0.0001,71,0.0,0.0,unknown,,989.4046326455443,0.0,0.0,,,989.4046326455443,0.0,,unknown,0.0,{},,113.0,,,,,,,990.2655526746503,0.0,0.0,0.0,990.2655526746503,0.0,0.0,0.0,,,,,,
2024-06-17 11:00:00,65890.01,66051.5,65796.01,65817.2,710.24566,0.0001,71,0.0,0.0,unknown,,989.4046326455443,0.0,0.0,,,989.4046326455443,0.0,,unknown,0.0,{},,114.0,,,,,,,990.2655526746503,0.0,0.0,0.0,990.2655526746503,0.0,0.0,0.0,,,,,,
2024-06-17 12:00:00,65817.2,65827.9,65500.0,65625.01,866.70938,0.0001,71,0.0,0.0,unknown,,989.4046326455443,0.0,0.0,,,989.4046326455443,0.0,,unknown,0.0,{},,115.0,,,,,,,990.2655526746503,0.0,0.0,0.0,990.2655526746503,0.0,0.0,0.0,,,,,,
2024-06-17 13:00:00,65625.49,65807.05,65189.0,65200.01,1747.87782,0.0001,71,0.0,0.0,unknown,,989.4046326455443,0.0,0.0,,,989.4046326455443,0.0,,unknown,0.0,{},,116.0,,,,,,,990.2655526746503,0.0,0.0,0.0,990.2655526746503,0.0,0.0,0.0,,,,,,
2024-06-17 14:00:00,65200.0,65790.0,65130.0,65472.98,1382.34399,0.0001,71,0.0,0.0,unknown,,989.4046326455443,0.0,0.0,,,989.4046326455443,0.0,,unknown,0.0,{},,117.0,,,,,,,990.2655526746503,0.0,0.0,0.0,990.2655526746503,0.0,0.0,0.0,,,,,,
2024-06-17 15:00:00,65472.98,65788.73,65239.97,65368.0,1356.80458,0.0001,71,0.0,0.0,unknown,,989.4046326455443,0.0,0.0,,,989.4046326455443,0.0,,unknown,0.0,{},,118.0,,,,,,,990.2655526746503,0.0,0.0,0.0,990.2655526746503,0.0,0.0,0.0,,,,,,
2024-06-17 16:00:00,65368.0,66056.65,65138.0,65898.0,2064.83382,0.0001,71,0.0,0.0,unknown,,989.4046326455443,0.0,0.0,,,989.4046326455443,0.0,,unknown,0.0,{},,119.0,,,,,,,990.2655526746503,0.0,0.0,0.0,990.2655526746503,0.0,0.0,0.0,,,,,,
2024-06-17 17:00:00,65898.01,66607.28,65898.0,66607.28,1936.55029,0.0001,71,0.0,0.0,unknown,,989.4046326455443,0.0,0.0,,,989.4046326455443,0.0,,unknown,0.0,{},,120.0,,,,,,,990.2655526746503,0.0,0.0,0.0,990.2655526746503,0.0,0.0,0.0,,,,,,
2024-06-17 18:00:00,66607.27,67298.81,66550.03,67101.48,3203.57956,0.0001,71,0.0,0.0,unknown,,989.4046326455443,0.0,0.0,,,989.4046326455443,0.0,,unknown,0.0,{},,121.0,,,,,,,990.2655526746503,0.0,0.0,0.0,990.2655526746503,0.0,0.0,0.0,,,,,,
2024-06-17 19:00:00,67101.48,67114.0,66562.68,66691.99,1075.11928,0.0001,71,0.0,0.0,unknown,,989.4046326455443,0.0,0.0,,,989.4046326455443,0.0,,unknown,0.0,{},,122.0,,,,,,,990.2655526746503,0.0,0.0,0.0,990.2655526746503,0.0,0.0,0.0,,,,,,
2024-06-17 20:00:00,66691.99,66764.7,66164.01,66397.94,1425.44933,0.0001,71,0.0,0.0,unknown,,989.4046326455443,0.0,0.0,,,989.4046326455443,0.0,,unknown,0.0,{},,123.0,,,,,,,990.2655526746503,0.0,0.0,0.0,990.2655526746503,0.0,0.0,0.0,,,,,,
2024-06-17 21:00:00,66397.94,66717.9,66306.46,66572.0,617.52734,0.0001,71,0.0,0.0,unknown,,989.4046326455443,0.0,0.0,,,989.4046326455443,0.0,,unknown,0.0,{},,124.0,,,,,,,990.2655526746503,0.0,0.0,0.0,990.2655526746503,0.0,0.0,0.0,,,,,,
2024-06-17 22:00:00,66572.0,66702.99,66482.0,66656.0,436.26182,0.0001,71,0.0,0.0,unknown,,989.4046326455443,0.0,0.0,,,989.4046326455443,0.0,,unknown,0.0,{},,125.0,,,,,,,990.2655526746503,0.0,0.0,0.0,990.2655526746503,0.0,0.0,0.0,,,,,,
2024-06-17 23:00:00,66656.01,66714.81,66392.79,66504.33,1027.24618,0.0001,71,0.0,0.0,unknown,,989.4046326455443,0.0,0.0,,,989.4046326455443,0.0,,unknown,0.0,{},,126.0,,,,,,,990.2655526746503,0.0,0.0,0.0,990.2655526746503,0.0,0.0,0.0,,,,,,
2024-06-18 00:00:00,66504.33,66588.23,65485.71,65749.99,1865.04054,0.0001,74,0.0,0.0,unknown,,989.4046326455443,0.0,0.0,,,989.4046326455443,0.0,,unknown,0.0,{},,127.0,,,,,,,990.2655526746503,0.0,0.0,0.0,990.2655526746503,0.0,0.0,0.0,,,,,,
2024-06-18 01:00:00,65749.98,65966.11,64600.0,65133.99,4761.20322,0.0001,74,0.0,0.0,unknown,,989.4046326455443,0.0,0.0,,,989.4046326455443,0.0,,unknown,0.0,{},,128.0,,,,,,,990.2655526746503,0.0,0.0,0.0,990.2655526746503,0.0,0.0,0.0,,,,,,
2024-06-18 02:00:00,65133.99,65653.68,64569.0,65467.43,3252.7603,0.0001,74,0.0,0.0,unknown,,989.4046326455443,0.0,0.0,,,989.4046326455443,0.0,,unknown,0.0,{},,129.0,,,,,,,990.2655526746503,0.0,0.0,0.0,990.2655526746503,0.0,0.0,0.0,,,,,,
2024-06-18 03:00:00,65467.42,65575.16,65268.0,65500.0,1162.36152,0.0001,74,0.0,0.0,unknown,,989.4046326455443,0.0,0.0,,,989.4046326455443,0.0,,unknown,0.0,{},,130.0,,,,,,,990.2655526746503,0.0,0.0,0.0,990.2655526746503,0.0,0.0,0.0,,,,,,
2024-06-18 04:00:00,65500.0,65769.25,65344.24,65574.21,1102.05127,0.0001,74,0.0,0.0,unknown,,989.4046326455443,0.0,0.0,,,989.4046326455443,0.0,,unknown,0.0,{},,131.0,,,,,,,990.2655526746503,0.0,0.0,0.0,990.2655526746503,0.0,0.0,0.0,,,,,,
2024-06-18 05:00:00,65574.21,65845.47,65555.0,65596.01,1048.15462,0.0001,74,0.0,0.0,unknown,,989.4046326455443,0.0,0.0,,,989.4046326455443,0.0,,unknown,0.0,{},,132.0,,,,,,,990.2655526746503,0.0,0.0,0.0,990.2655526746503,0.0,0.0,0.0,,,,,,
2024-06-18 06:00:00,65596.01,65732.16,65389.44,65500.0,1274.92399,0.0001,74,0.0,0.0,unknown,,989.4046326455443,0.0,0.0,,,989.4046326455443,0.0,,unknown,0.0,{},,133.0,,,,,,,990.2655526746503,0.0,0.0,0.0,990.2655526746503,0.0,0.0,0.0,,,,,,
2024-06-18 07:00:00,65499.99,65800.0,65489.56,65672.51,915.19877,0.0001,74,0.0,0.0,unknown,,989.4046326455443,0.0,0.0,,,989.4046326455443,0.0,,unknown,0.0,{},,134.0,,,,,,,990.2655526746503,0.0,0.0,0.0,990.2655526746503,0.0,0.0,0.0,,,,,,
2024-06-18 08:00:00,65672.51,65750.01,65588.0,65727.53,529.04939,8.236e-05,74,0.0,0.0,unknown,,989.4046326455443,0.0,0.0,,,989.4046326455443,0.0,,unknown,0.0,{},,135.0,,,,,,,990.2655526746503,0.0,0.0,0.0,990.2655526746503,0.0,0.0,0.0,,,,,,
2024-06-18 09:00:00,65727.54,65727.54,65439.97,65469.92,727.65859,8.236e-05,74,0.0,0.0,unknown,,989.4046326455443,0.0,0.0,,,989.4046326455443,0.0,,unknown,0.0,{},,136.0,,,,,,,990.2655526746503,0.0,0.0,0.0,990.2655526746503,0.0,0.0,0.0,,,,,,
2024-06-18 10:00:00,65469.92,65612.84,65344.99,65435.52,904.28749,8.236e-05,74,0.0,0.0,unknown,,989.4046326455443,0.0,0.0,,,989.4046326455443,0.0,,unknown,0.0,{},,137.0,,,,,,,990.2655526746503,0.0,0.0,0.0,990.2655526746503,0.0,0.0,0.0,,,,,,
2024-06-18 11:00:00,65435.51,65487.83,65100.0,65366.0,1571.16015,8.236e-05,74,0.0,0.0,unknown,,989.4046326455443,0.0,0.0,,,989.4046326455443,0.0,,unknown,0.0,{},,138.0,,,,,,,990.2655526746503,0.0,0.0,0.0,990.2655526746503,0.0,0.0,0.0,,,,,,
2024-06-18 12:00:00,65366.0,65433.97,65001.0,65231.95,1933.01425,8.236e-05,74,0.0,0.0,unknown,,989.4046326455443,0.0,0.0,,,989.4046326455443,0.0,,unknown,0.0,{},,139.0,,,,,,,990.2655526746503,0.0,0.0,0.0,990.2655526746503,0.0,0.0,0.0,,,,,,
2024-06-18 13:00:00,65231.95,65268.0,64638.06,64844.0,3060.79121,8.236e-05,74,0.0,0.0,unknown,,989.4046326455443,0.0,0.0,,,989.4046326455443,0.0,,unknown,0.0,{},,140.0,,,,,,,990.2655526746503,0.0,0.0,0.0,990.2655526746503,0.0,0.0,0.0,,,,,,
2024-06-18 14:00:00,64844.01,65406.0,64359.92,64633.99,3780.769,8.236e-05,74,0.0,0.0,unknown,,989.4046326455443,0.0,0.0,,,989.4046326455443,0.0,,unknown,0.0,{},,141.0,,,,,,,990.2655526746503,0.0,0.0,0.0,990.2655526746503,0.0,0.0,0.0,,,,,,
2024-06-18 15:00:00,64634.0,64929.95,64261.12,64706.0,2620.93731,8.236e-05,74,0.0,0.0,unknown,,989.4046326455443,0.0,0.0,,,989.4046326455443,0.0,,unknown,0.0,{},,142.0,,,,,,,990.2655526746503,0.0,0.0,0.0,990.2655526746503,0.0,0.0,0.0,,,,,,
2024-06-18 16:00:00,64705.99,64868.98,64336.0,64700.99,2052.90247,0.0001,74,0.0,0.0,unknown,,989.4046326455443,0.0,0.0,,,989.4046326455443,0.0,,unknown,0.0,{},,143.0,,,,,,,990.2655526746503,0.0,0.0,0.0,990.2655526746503,0.0,0.0,0.0,,,,,,
2024-06-18 17:00:00,64700.99,64904.91,64400.0,64610.0,1492.33413,0.0001,74,0.0,0.0,unknown,,989.4046326455443,0.0,0.0,,,989.4046326455443,0.0,,unknown,0.0,{},,144.0,,,,,,,990.2655526746503,0.0,0.0,0.0,990.2655526746503,0.0,0.0,0.0,,,,,,
2024-06-18 18:00:00,64609.99,64867.88,64321.0,64678.01,1240.60852,0.0001,74,0.0,0.0,unknown,,989.4046326455443,0.0,0.0,,,989.4046326455443,0.0,,unknown,0.0,{},,145.0,,,,,,,990.2655526746503,0.0,0.0,0.0,990.2655526746503,0.0,0.0,0.0,,,,,,
2024-06-18 19:00:00,64678.0,64738.83,64060.0,64412.19,2189.08648,0.0001,74,0.0,0.0,unknown,,989.4046326455443,0.0,0.0,,,989.4046326455443,0.0,,unknown,0.0,{},,146.0,,,,,,,990.2655526746503,0.0,0.0,0.0,990.2655526746503,0.0,0.0,0.0,,,,,,
2024-06-18 20:00:00,64412.18,65048.21,64178.1,64936.51,2194.40345,0.0001,74,3.6898001367393825,0.0,trending,,989.4046326455443,0.0,0.36898001367393823,True,True,989.0395621106617,0.36874709396803884,,trending,3.6898001367393825,{},,1.0,BTCUSDT,2024-06-18 20:00:00,BTCUSDT,64936.51,0.005621961126069306,LONG,990.2655526746503,0.0,0.0,0.0,990.2655526746503,0.0,0.0,0.0,3.6898001367393825,3.6898001367393825,1.0,3.6898001367393825,True,True
2024-06-18 21:00:00,64936.5,65305.0,64797.48,65220.02,1082.28714,0.0001,74,0.0,0.0,unknown,,990.6318504273147,0.3697617359126668,-0.3697617359126668,True,True,990.2655526746503,0.0,,unknown,-3.6898001367393825,{},,1.0,BTCUSDT,2024-06-18 21:00:00,BTCUSDT,65220.02,0.005616339164943237,CLOSE,990.2655526746503,0.0,0.0,0.0,990.2655526746503,0.0,0.0,0.0,,,,,True,True
2024-06-18 22:00:00,65220.02,65300.0,65052.44,65279.99,777.47664,0.0001,74,0.0,0.0,unknown,,990.2655526746503,0.0,0.0,,,990.2655526746503,0.0,,unknown,0.0,{},,2.0,,,,,,,990.2655526746503,0.0,0.0,0.0,990.2655526746503,0.0,0.0,0.0,,,,,,
2024-06-18 23:00:00,65279.99,65279.99,65056.29,65175.32,811.64199,0.0001,74,0.0,0.0,unknown,,990.2655526746503,0.0,0.0,,,990.2655526746503,0.0,,unknown,0.0,{},,3.0,,,,,,,990.2655526746503,0.0,0.0,0.0,990.2655526746503,0.0,0.0,0.0,,,,,,
2024-06-19 00:00:00,65175.32,65225.89,64855.96,65142.54,1039.9205,0.0001,64,0.0,0.0,unknown,,990.2655526746503,0.0,0.0,,,990.2655526746503,0.0,,unknown,0.0,{},,4.0,,,,,,,990.2655526746503,0.0,0.0,0.0,990.2655526746503,0.0,0.0,0.0,,,,,,
2024-06-19 01:00:00,65142.53,65500.0,64810.62,65035.59,2158.94373,0.0001,64,0.0,0.0,unknown,,990.2655526746503,0.0,0.0,,,990.2655526746503,0.0,,unknown,0.0,{},,5.0,,,,,,,990.2655526746503,0.0,0.0,0.0,990.2655526746503,0.0,0.0,0.0,,,,,,
2024-06-19 02:00:00,65035.59,65489.43,65012.0,65327.94,984.48214,0.0001,64,0.0,0.0,unknown,,990.2655526746503,0.0,0.0,,,990.2655526746503,0.0,,unknown,0.0,{},,6.0,,,,,,,990.2655526746503,0.0,0.0,0.0,990.2655526746503,0.0,0.0,0.0,,,,,,
2024-06-19 03:00:00,65327.94,65603.91,65282.0,65404.0,1078.82025,0.0001,64,0.0,0.0,unknown,,990.2655526746503,0.0,0.0,,,990.2655526746503,0.0,,unknown,0.0,{},,7.0,,,,,,,990.2655526746503,0.0,0.0,0.0,990.2655526746503,0.0,0.0,0.0,,,,,,
2024-06-19 04:00:00,65404.0,65727.54,65349.99,65425.56,1171.36875,0.0001,64,0.0,0.0,unknown,,990.2655526746503,0.0,0.0,,,990.2655526746503,0.0,,unknown,0.0,{},,8.0,,,,,,,990.2655526746503,0.0,0.0,0.0,990.2655526746503,0.0,0.0,0.0,,,,,,
2024-06-19 05:00:00,65425.56,65557.13,65335.0,65413.09,619.02934,0.0001,64,0.0,0.0,unknown,,990.2655526746503,0.0,0.0,,,990.2655526746503,0.0,,unknown,0.0,{},,9.0,,,,,,,990.2655526746503,0.0,0.0,0.0,990.2655526746503,0.0,0.0,0.0,,,,,,
2024-06-19 06:00:00,65413.09,65600.0,65400.0,65599.99,707.43631,0.0001,64,0.0,0.0,unknown,,990.2655526746503,0.0,0.0,,,990.2655526746503,0.0,,unknown,0.0,{},,10.0,,,,,,,990.2655526746503,0.0,0.0,0.0,990.2655526746503,0.0,0.0,0.0,,,,,,
2024-06-19 07:00:00,65600.0,65656.24,65158.05,65326.89,1101.37468,0.0001,64,0.0,0.0,unknown,,990.2655526746503,0.0,0.0,,,990.2655526746503,0.0,,unknown,0.0,{},,11.0,,,,,,,990.2655526746503,0.0,0.0,0.0,990.2655526746503,0.0,0.0,0.0,,,,,,
2024-06-19 08:00:00,65326.89,65356.0,65102.0,65183.89,692.85427,0.0001,64,0.0,0.0,unknown,,990.2655526746503,0.0,0.0,,,990.2655526746503,0.0,,unknown,0.0,{},,12.0,,,,,,,990.2655526746503,0.0,0.0,0.0,990.2655526746503,0.0,0.0,0.0,,,,,,
2024-06-19 09:00:00,65183.89,65306.66,65072.0,65306.65,802.0825,4.127e-05,64,0.0,0.0,unknown,,990.2655526746503,0.0,0.0,,,990.2655526746503,0.0,,unknown,0.0,{},,13.0,,,,,,,990.2655526746503,0.0,0.0,0.0,990.2655526746503,0.0,0.0,0.0,,,,,,
2024-06-19 10:00:00,65306.66,65520.0,65132.09,65520.0,712.38788,4.127e-05,64,0.0,0.0,unknown,,990.2655526746503,0.0,0.0,,,990.2655526746503,0.0,,unknown,0.0,{},,14.0,,,,,,,990.2655526746503,0.0,0.0,0.0,990.2655526746503,0.0,0.0,0.0,,,,,,
2024-06-19 11:00:00,65520.0,65544.0,65000.0,65210.0,1644.40047,4.127e-05,64,0.0,0.0,unknown,,990.2655526746503,0.0,0.0,,,990.2655526746503,0.0,,unknown,0.0,{},,15.0,,,,,,,990.2655526746503,0.0,0.0,0.0,990.2655526746503,0.0,0.0,0.0,,,,,,
2024-06-19 12:00:00,65210.0,65310.02,65030.48,65192.21,629.09782,4.127e-05,64,0.0,0.0,unknown,,990.2655526746503,0.0,0.0,,,990.2655526746503,0.0,,unknown,0.0,{},,16.0,,,,,,,990.2655526746503,0.0,0.0,0.0,990.2655526746503,0.0,0.0,0.0,,,,,,
2024-06-19 13:00:00,65192.21,65245.21,65054.0,65090.22,580.28069,4.127e-05,64,0.0,0.0,unknown,,990.2655526746503,0.0,0.0,,,990.2655526746503,0.0,,unknown,0.0,{},,17.0,,,,,,,990.2655526746503,0.0,0.0,0.0,990.2655526746503,0.0,0.0,0.0,,,,,,
2024-06-19 14:00:00,65090.22,65141.89,64832.57,64952.02,1222.80938,4.127e-05,64,0.0,0.0,unknown,,990.2655526746503,0.0,0.0,,,990.2655526746503,0.0,,unknown,0.0,{},,18.0,,,,,,,990.2655526746503,0.0,0.0,0.0,990.2655526746503,0.0,0.0,0.0,,,,,,
2024-06-19 15:00:00,64952.02,65129.57,64756.28,64922.0,798.50963,4.127e-05,64,0.0,0.0,unknown,,990.2655526746503,0.0,0.0,,,990.2655526746503,0.0,,unknown,0.0,{},,19.0,,,,,,,990.2655526746503,0.0,0.0,0.0,990.2655526746503,0.0,0.0,0.0,,,,,,
2024-06-19 16:00:00,64921.99,65100.03,64807.35,64922.26,801.58932,2.967e-05,64,0.0,0.0,unknown,,990.2655526746503,0.0,0.0,,,990.2655526746503,0.0,,unknown,0.0,{},,20.0,,,,,,,990.2655526746503,0.0,0.0,0.0,990.2655526746503,0.0,0.0,0.0,,,,,,
2024-06-19 17:00:00,64922.26,65284.37,64894.25,65083.99,873.5408,2.967e-05,64,0.0,0.0,unknown,,990.2655526746503,0.0,0.0,,,990.2655526746503,0.0,,unknown,0.0,{},,21.0,,,,,,,990.2655526746503,0.0,0.0,0.0,990.2655526746503,0.0,0.0,0.0,,,,,,
2024-06-19 18:00:00,65083.99,65158.79,64964.06,64973.0,464.92693,2.967e-05,64,0.0,0.0,unknown,,990.2655526746503,0.0,0.0,,,990.2655526746503,0.0,,unknown,0.0,{},,22.0,,,,,,,990.2655526746503,0.0,0.0,0.0,990.2655526746503,0.0,0.0,0.0,,,,,,
2024-06-19 19:00:00,64973.0,64985.49,64791.76,64882.01,447.24346,2.967e-05,64,0.0,0.0,unknown,,990.2655526746503,0.0,0.0,,,990.2655526746503,0.0,,unknown,0.0,{},,23.0,,,,,,,990.2655526746503,0.0,0.0,0.0,990.2655526746503,0.0,0.0,0.0,,,,,,
2024-06-19 20:00:00,64882.02,64933.74,64666.0,64874.76,590.94408,2.967e-05,64,0.0,0.0,unknown,,990.2655526746503,0.0,0.0,,,990.2655526746503,0.0,,unknown,0.0,{},,24.0,,,,,,,990.2655526746503,0.0,0.0,0.0,990.2655526746503,0.0,0.0,0.0,,,,,,
2024-06-19 21:00:00,64874.76,65087.76,64836.98,65004.38,353.32839,2.967e-05,64,0.0,0.0,unknown,,990.2655526746503,0.0,0.0,,,990.2655526746503,0.0,,unknown,0.0,{},,25.0,,,,,,,990.2655526746503,0.0,0.0,0.0,990.2655526746503,0.0,0.0,0.0,,,,,,
2024-06-19 22:00:00,65004.38,65048.23,64836.0,64836.01,305.3068,2.967e-05,64,0.0,0.0,unknown,,990.2655526746503,0.0,0.0,,,990.2655526746503,0.0,,unknown,0.0,{},,26.0,,,,,,,990.2655526746503,0.0,0.0,0.0,990.2655526746503,0.0,0.0,0.0,,,,,,
2024-06-19 23:00:00,64836.01,64995.19,64805.01,64974.37,280.11764,2.967e-05,64,0.0,0.0,unknown,,990.2655526746503,0.0,0.0,,,990.2655526746503,0.0,,unknown,0.0,{},,27.0,,,,,,,990.2655526746503,0.0,0.0,0.0,990.2655526746503,0.0,0.0,0.0,,,,,,
2024-06-20 00:00:00,64974.37,65100.36,64818.72,65098.01,1043.19496,3.934e-05,60,0.0,0.0,unknown,,990.2655526746503,0.0,0.0,,,990.2655526746503,0.0,,unknown,0.0,{},,28.0,,,,,,,990.2655526746503,0.0,0.0,0.0,990.2655526746503,0.0,0.0,0.0,,,,,,
2024-06-20 01:00:00,65098.0,65407.4,65033.02,65158.56,717.01787,3.934e-05,60,0.0,0.0,unknown,,990.2655526746503,0.0,0.0,,,990.2655526746503,0.0,,unknown,0.0,{},,29.0,,,,,,,990.2655526746503,0.0,0.0,0.0,990.2655526746503,0.0,0.0,0.0,,,,,,
2024-06-20 02:00:00,65158.57,65237.11,64960.0,65197.45,627.73522,3.934e-05,60,0.0,0.0,unknown,,990.2655526746503,0.0,0.0,,,990.2655526746503,0.0,,unknown,0.0,{},,30.0,,,,,,,990.2655526746503,0.0,0.0,0.0,990.2655526746503,0.0,0.0,0.0,,,,,,
2024-06-20 03:00:00,65197.45,65244.21,65092.0,65189.99,376.17873,3.934e-05,60,0.0,0.0,unknown,,990.2655526746503,0.0,0.0,,,990.2655526746503,0.0,,unknown,0.0,{},,31.0,,,,,,,990.2655526746503,0.0,0.0,0.0,990.2655526746503,0.0,0.0,0.0,,,,,,
2024-06-20 04:00:00,65190.0,65338.72,65070.91,65306.01,479.52516,3.934e-05,60,0.0,0.0,unknown,,990.2655526746503,0.0,0.0,,,990.2655526746503,0.0,,unknown,0.0,{},,32.0,,,,,,,990.2655526746503,0.0,0.0,0.0,990.2655526746503,0.0,0.0,0.0,,,,,,
2024-06-20 05:00:00,65306.01,65613.3,65252.0,65513.93,797.99923,3.934e-05,60,0.0,0.0,unknown,,990.2655526746503,0.0,0.0,,,990.2655526746503,0.0,,unknown,0.0,{},,33.0,,,,,,,990.2655526746503,0.0,0.0,0.0,990.2655526746503,0.0,0.0,0.0,,,,,,
2024-06-20 06:00:00,65513.93,65635.83,65386.0,65465.24,818.36715,3.934e-05,60,0.0,0.0,unknown,,990.2655526746503,0.0,0.0,,,990.2655526746503,0.0,,unknown,0.0,{},,34.0,,,,,,,990.2655526746503,0.0,0.0,0.0,990.2655526746503,0.0,0.0,0.0,,,,,,
2024-06-20 07:00:00,65465.24,65967.39,65465.23,65858.84,1122.59755,3.934e-05,60,0.0,0.0,unknown,,990.2655526746503,0.0,0.0,,,990.2655526746503,0.0,,unknown,0.0,{},,35.0,,,,,,,990.2655526746503,0.0,0.0,0.0,990.2655526746503,0.0,0.0,0.0,,,,,,
2024-06-20 08:00:00,65858.84,65927.48,65603.33,65690.63,700.1449,5.953e-05,60,0.0,0.0,unknown,,990.2655526746503,0.0,0.0,,,990.2655526746503,0.0,,unknown,0.0,{},,36.0,,,,,,,990.2655526746503,0.0,0.0,0.0,990.2655526746503,0.0,0.0,0.0,,,,,,
2024-06-20 09:00:00,65690.63,65750.32,65559.45,65719.99,726.30298,5.953e-05,60,0.0,0.0,unknown,,990.2655526746503,0.0,0.0,,,990.2655526746503,0.0,,unknown,0.0,{},,37.0,,,,,,,990.2655526746503,0.0,0.0,0.0,990.2655526746503,0.0,0.0,0.0,,,,,,
2024-06-20 10:00:00,65719.99,66287.49,65646.0,66209.49,869.96099,5.953e-05,60,0.0,0.0,unknown,,990.2655526746503,0.0,0.0,,,990.2655526746503,0.0,,unknown,0.0,{},,38.0,,,,,,,990.2655526746503,0.0,0.0,0.0,990.2655526746503,0.0,0.0,0.0,,,,,,
2024-06-20 11:00:00,66209.49,66482.94,66109.38,66169.85,1420.28827,5.953e-05,60,0.0,0.0,unknown,,990.2655526746503,0.0,0.0,,,990.2655526746503,0.0,,unknown,0.0,{},,39.0,,,,,,,990.2655526746503,0.0,0.0,0.0,990.2655526746503,0.0,0.0,0.0,,,,,,
2024-06-20 12:00:00,66169.86,66300.5,65864.88,65979.99,1282.52182,5.953e-05,60,0.0,0.0,unknown,,990.2655526746503,0.0,0.0,,,990.2655526746503,0.0,,unknown,0.0,{},,40.0,,,,,,,990.2655526746503,0.0,0.0,0.0,990.2655526746503,0.0,0.0,0.0,,,,,,
2024-06-20 13:00:00,65979.99,65998.0,65136.22,65142.65,2651.10672,5.953e-05,60,0.0,0.0,unknown,,990.2655526746503,0.0,0.0,,,990.2655526746503,0.0,,unknown,0.0,{},,41.0,,,,,,,990.2655526746503,0.0,0.0,0.0,990.2655526746503,0.0,0.0,0.0,,,,,,
2024-06-20 14:00:00,65142.65,65188.99,64658.06,64952.02,1979.37081,5.953e-05,60,0.0,0.0,unknown,,990.2655526746503,0.0,0.0,,,990.2655526746503,0.0,,unknown,0.0,{},,42.0,,,,,,,990.2655526746503,0.0,0.0,0.0,990.2655526746503,0.0,0.0,0.0,,,,,,
2024-06-20 15:00:00,64952.02,65126.91,64788.4,64831.23,1418.7677,5.953e-05,60,0.0,0.0,unknown,,990.2655526746503,0.0,0.0,,,990.2655526746503,0.0,,unknown,0.0,{},,43.0,,,,,,,990.2655526746503,0.0,0.0,0.0,990.2655526746503,0.0,0.0,0.0,,,,,,
2024-06-20 16:00:00,64831.24,64950.0,64559.15,64888.0,1552.4506,6.879e-05,60,0.0,0.0,unknown,,990.2655526746503,0.0,0.0,,,990.2655526746503,0.0,,unknown,0.0,{},,44.0,,,,,,,990.2655526746503,0.0,0.0,0.0,990.2655526746503,0.0,0.0,0.0,,,,,,
2024-06-20 17:00:00,64887.99,65027.26,64690.79,64970.02,778.89348,6.879e-05,60,0.0,0.0,unknown,,990.2655526746503,0.0,0.0,,,990.2655526746503,0.0,,unknown,0.0,{},,45.0,,,,,,,990.2655526746503,0.0,0.0,0.0,990.2655526746503,0.0,0.0,0.0,,,,,,
2024-06-20 18:00:00,64970.01,65217.21,64940.0,65116.01,712.23293,6.879e-05,60,0.0,0.0,unknown,,990.2655526746503,0.0,0.0,,,990.2655526746503,0.0,,unknown,0.0,{},,46.0,,,,,,,990.2655526746503,0.0,0.0,0.0,990.2655526746503,0.0,0.0,0.0,,,,,,
2024-06-20 19:00:00,65116.01,65116.01,64830.0,65050.0,2164.87422,6.879e-05,60,0.0,0.0,unknown,,990.2655526746503,0.0,0.0,,,990.2655526746503,0.0,,unknown,0.0,{},,47.0,,,,,,,990.2655526746503,0.0,0.0,0.0,990.2655526746503,0.0,0.0,0.0,,,,,,
2024-06-20 20:00:00,65049.99,65200.11,65001.97,65099.99,776.74481,6.879e-05,60,0.0,0.0,unknown,,990.2655526746503,0.0,0.0,,,990.2655526746503,0.0,,unknown,0.0,{},,48.0,,,,,,,990.2655526746503,0.0,0.0,0.0,990.2655526746503,0.0,0.0,0.0,,,,,,
2024-06-20 21:00:00,65100.0,65188.23,65040.51,65050.46,272.03163,6.879e-05,60,0.0,0.0,unknown,,990.2655526746503,0.0,0.0,,,990.2655526746503,0.0,,unknown,0.0,{},,49.0,,,,,,,990.2655526746503,0.0,0.0,0.0,990.2655526746503,0.0,0.0,0.0,,,,,,
2024-06-20 22:00:00,65050.47,65150.48,64970.0,64989.95,288.29161,6.879e-05,60,0.0,0.0,unknown,,990.2655526746503,0.0,0.0,,,990.2655526746503,0.0,,unknown,0.0,{},,50.0,,,,,,,990.2655526746503,0.0,0.0,0.0,990.2655526746503,0.0,0.0,0.0,,,,,,
2024-06-20 23:00:00,64989.95,65064.42,64848.7,64869.99,688.69097,6.879e-05,60,0.0,0.0,unknown,,990.2655526746503,0.0,0.0,,,990.2655526746503,0.0,,unknown,0.0,{},,51.0,,,,,,,990.2655526746503,0.0,0.0,0.0,990.2655526746503,0.0,0.0,0.0,,,,,,
2024-06-21 00:00:00,64869.99,64940.0,64635.49,64832.0,752.02054,3.344e-05,63,0.0,0.0,unknown,,990.2655526746503,0.0,0.0,,,990.2655526746503,0.0,,unknown,0.0,{},,52.0,,,,,,,990.2655526746503,0.0,0.0,0.0,990.2655526746503,0.0,0.0,0.0,,,,,,
2024-06-21 01:00:00,64832.0,65015.4,64655.17,64967.98,938.18606,3.344e-05,63,0.0,0.0,unknown,,990.2655526746503,0.0,0.0,,,990.2655526746503,0.0,,unknown,0.0,{},,53.0,,,,,,,990.2655526746503,0.0,0.0,0.0,990.2655526746503,0.0,0.0,0.0,,,,,,
2024-06-21 02:00:00,64967.99,65066.66,64721.01,64786.0,555.58921,3.344e-05,63,0.0,0.0,unknown,,990.2655526746503,0.0,0.0,,,990.2655526746503,0.0,,unknown,0.0,{},,54.0,,,,,,,990.2655526746503,0.0,0.0,0.0,990.2655526746503,0.0,0.0,0.0,,,,,,
2024-06-21 03:00:00,64786.0,64832.75,64345.0,64506.14,905.30357,3.344e-05,63,0.0,0.0,unknown,,990.2655526746503,0.0,0.0,,,990.2655526746503,0.0,,unknown,0.0,{},,55.0,,,,,,,990.2655526746503,0.0,0.0,0.0,990.2655526746503,0.0,0.0,0.0,,,,,,
2024-06-21 04:00:00,64506.15,64673.02,64318.0,64670.0,832.17164,3.344e-05,63,0.0,0.0,unknown,,990.2655526746503,0.0,0.0,,,990.2655526746503,0.0,,unknown,0.0,{},,56.0,,,,,,,990.2655526746503,0.0,0.0,0.0,990.2655526746503,0.0,0.0,0.0,,,,,,
2024-06-21 05:00:00,64670.0,64681.02,64508.0,64661.47,524.09296,3.344e-05,63,0.0,0.0,unknown,,990.2655526746503,0.0,0.0,,,990.2655526746503,0.0,,unknown,0.0,{},,57.0,,,,,,,990.2655526746503,0.0,0.0,0.0,990.2655526746503,0.0,0.0,0.0,,,,,,
2024-06-21 06:00:00,64661.47,64736.1,64562.5,64627.64,627.49011,3.344e-05,63,0.0,0.0,unknown,,990.2655526746503,0.0,0.0,,,990.2655526746503,0.0,,unknown,0.0,{},,58.0,,,,,,,990.2655526746503,0.0,0.0,0.0,990.2655526746503,0.0,0.0,0.0,,,,,,
2024-06-21 07:00:00,64627.64,64739.09,64190.76,64201.63,1033.34054,3.344e-05,63,0.0,0.0,unknown,,990.2655526746503,0.0,0.0,,,990.2655526746503,0.0,,unknown,0.0,{},,59.0,,,,,,,990.2655526746503,0.0,0.0,0.0,990.2655526746503,0.0,0.0,0.0,,,,,,
2024-06-21 08:00:00,64201.63,64372.15,63522.75,63639.64,2349.97676,7.328e-05,63,0.0,0.0,unknown,,990.2655526746503,0.0,0.0,,,990.2655526746503,0.0,,unknown,0.0,{},,60.0,,,,,,,990.2655526746503,0.0,0.0,0.0,990.2655526746503,0.0,0.0,0.0,,,,,,
2024-06-21 09:00:00,63639.64,64300.0,63564.37,64100.0,1803.08001,7.328e-05,63,0.0,0.0,unknown,,990.2655526746503,0.0,0.0,,,990.2655526746503,0.0,,unknown,0.0,{},,61.0,,,,,,,990.2655526746503,0.0,0.0,0.0,990.2655526746503,0.0,0.0,0.0,,,,,,
2024-06-21 10:00:00,64100.0,64174.0,63814.0,63896.02,856.49464,7.328e-05,63,0.0,0.0,unknown,,990.2655526746503,0.0,0.0,,,990.2655526746503,0.0,,unknown,0.0,{},,62.0,,,,,,,990.2655526746503,0.0,0.0,0.0,990.2655526746503,0.0,0.0,0.0,,,,,,
2024-06-21 11:00:00,63896.02,64060.01,63672.55,63770.0,1106.70545,7.328e-05,63,0.0,0.0,unknown,,990.2655526746503,0.0,0.0,,,990.2655526746503,0.0,,unknown,0.0,{},,63.0,,,,,,,990.2655526746503,0.0,0.0,0.0,990.2655526746503,0.0,0.0,0.0,,,,,,
2024-06-21 12:00:00,63770.01,63929.98,63505.0,63827.39,1278.63406,7.328e-05,63,0.0,0.0,unknown,,990.2655526746503,0.0,0.0,,,990.2655526746503,0.0,,unknown,0.0,{},,64.0,,,,,,,990.2655526746503,0.0,0.0,0.0,990.2655526746503,0.0,0.0,0.0,,,,,,
2024-06-21 13:00:00,63827.39,63879.07,63379.35,63615.21,2331.22014,7.328e-05,63,0.0,0.0,unknown,,990.2655526746503,0.0,0.0,,,990.2655526746503,0.0,,unknown,0.0,{},,65.0,,,,,,,990.2655526746503,0.0,0.0,0.0,990.2655526746503,0.0,0.0,0.0,,,,,,
2024-06-21 14:00:00,63615.21,64360.0,63452.47,64222.84,2304.87226,7.328e-05,63,0.0,0.0,unknown,,990.2655526746503,0.0,0.0,,,990.2655526746503,0.0,,unknown,0.0,{},,66.0,,,,,,,990.2655526746503,0.0,0.0,0.0,990.2655526746503,0.0,0.0,0.0,,,,,,
2024-06-21 15:00:00,64222.83,64353.54,63445.41,63732.02,2003.80076,7.328e-05,63,0.0,0.0,unknown,,990.2655526746503,0.0,0.0,,,990.2655526746503,0.0,,unknown,0.0,{},,67.0,,,,,,,990.2655526746503,0.0,0.0,0.0,990.2655526746503,0.0,0.0,0.0,,,,,,
2024-06-21 16:00:00,63732.02,63838.71,63564.56,63657.29,1135.06578,0.0001,63,0.0,0.0,unknown,,990.2655526746503,0.0,0.0,,,990.2655526746503,0.0,,unknown,0.0,{},,68.0,,,,,,,990.2655526746503,0.0,0.0,0.0,990.2655526746503,0.0,0.0,0.0,,,,,,
2024-06-21 17:00:00,63657.28,63891.68,63465.17,63671.04,964.64571,0.0001,63,0.0,0.0,unknown,,990.2655526746503,0.0,0.0,,,990.2655526746503,0.0,,unknown,0.0,{},,69.0,,,,,,,990.2655526746503,0.0,0.0,0.0,990.2655526746503,0.0,0.0,0.0,,,,,,
2024-06-21 18:00:00,63671.04,64187.03,63648.02,64172.01,1073.12054,0.0001,63,0.0,0.0,unknown,,990.2655526746503,0.0,0.0,,,990.2655526746503,0.0,,unknown,0.0,{},,70.0,,,,,,,990.2655526746503,0.0,0.0,0.0,990.2655526746503,0.0,0.0,0.0,,,,,,
2024-06-21 19:00:00,64172.01,64264.95,63944.12,64232.01,862.93662,0.0001,63,0.0,0.0,unknown,,990.2655526746503,0.0,0.0,,,990.2655526746503,0.0,,unknown,0.0,{},,71.0,,,,,,,990.2655526746503,0.0,0.0,0.0,990.2655526746503,0.0,0.0,0.0,,,,,,
2024-06-21 20:00:00,64232.01,64460.14,64099.89,64200.52,648.78071,0.0001,63,0.0,0.0,unknown,,990.2655526746503,0.0,0.0,,,990.2655526746503,0.0,,unknown,0.0,{},,72.0,,,,,,,990.2655526746503,0.0,0.0,0.0,990.2655526746503,0.0,0.0,0.0,,,,,,
2024-06-21 21:00:00,64200.52,64208.0,63828.09,64084.43,473.39359,0.0001,63,0.0,0.0,unknown,,990.2655526746503,0.0,0.0,,,990.2655526746503,0.0,,unknown,0.0,{},,73.0,,,,,,,990.2655526746503,0.0,0.0,0.0,990.2655526746503,0.0,0.0,0.0,,,,,,
2024-06-21 22:00:00,64084.44,64199.7,64084.44,64155.02,357.67606,0.0001,63,0.0,0.0,unknown,,990.2655526746503,0.0,0.0,,,990.2655526746503,0.0,,unknown,0.0,{},,74.0,,,,,,,990.2655526746503,0.0,0.0,0.0,990.2655526746503,0.0,0.0,0.0,,,,,,
2024-06-21 23:00:00,64155.02,64224.0,64072.0,64143.56,274.9667,0.0001,63,0.0,0.0,unknown,,990.2655526746503,0.0,0.0,,,990.2655526746503,0.0,,unknown,0.0,{},,75.0,,,,,,,990.2655526746503,0.0,0.0,0.0,990.2655526746503,0.0,0.0,0.0,,,,,,
2024-06-22 00:00:00,64143.56,64185.9,63943.82,64056.47,461.16193,0.0001,53,0.0,0.0,unknown,,990.2655526746503,0.0,0.0,,,990.2655526746503,0.0,,unknown,0.0,{},,76.0,,,,,,,990.2655526746503,0.0,0.0,0.0,990.2655526746503,0.0,0.0,0.0,,,,,,
2024-06-22 01:00:00,64056.46,64221.45,64056.46,64144.33,285.47049,0.0001,53,0.0,0.0,unknown,,990.2655526746503,0.0,0.0,,,990.2655526746503,0.0,,unknown,0.0,{},,77.0,,,,,,,990.2655526746503,0.0,0.0,0.0,990.2655526746503,0.0,0.0,0.0,,,,,,
2024-06-22 02:00:00,64144.34,64342.54,64144.34,64303.4,570.81187,0.0001,53,0.0,0.0,unknown,,990.2655526746503,0.0,0.0,,,990.2655526746503,0.0,,unknown,0.0,{},,78.0,,,,,,,990.2655526746503,0.0,0.0,0.0,990.2655526746503,0.0,0.0,0.0,,,,,,
2024-06-22 03:00:00,64303.41,64332.0,64271.95,64327.45,297.5896,0.0001,53,0.0,0.0,unknown,,990.2655526746503,0.0,0.0,,,990.2655526746503,0.0,,unknown,0.0,{},,79.0,,,,,,,990.2655526746503,0.0,0.0,0.0,990.2655526746503,0.0,0.0,0.0,,,,,,
2024-06-22 04:00:00,64327.46,64367.17,64253.07,64364.11,377.51077,0.0001,53,0.0,0.0,unknown,,990.2655526746503,0.0,0.0,,,990.2655526746503,0.0,,unknown,0.0,{},,80.0,,,,,,,990.2655526746503,0.0,0.0,0.0,990.2655526746503,0.0,0.0,0.0,,,,,,
2024-06-22 05:00:00,64364.12,64427.98,64257.79,64424.21,463.6551,0.0001,53,0.0,0.0,unknown,,990.2655526746503,0.0,0.0,,,990.2655526746503,0.0,,unknown,0.0,{},,81.0,,,,,,,990.2655526746503,0.0,0.0,0.0,990.2655526746503,0.0,0.0,0.0,,,,,,
2024-06-22 06:00:00,64424.21,64530.61,64362.06,64430.0,602.16681,0.0001,53,0.0,0.0,unknown,,990.2655526746503,0.0,0.0,,,990.2655526746503,0.0,,unknown,0.0,{},,82.0,,,,,,,990.2655526746503,0.0,0.0,0.0,990.2655526746503,0.0,0.0,0.0,,,,,,
2024-06-22 07:00:00,64430.01,64540.26,64324.67,64520.0,678.37346,0.0001,53,0.0,0.0,unknown,,990.2655526746503,0.0,0.0,,,990.2655526746503,0.0,,unknown,0.0,{},,83.0,,,,,,,990.2655526746503,0.0,0.0,0.0,990.2655526746503,0.0,0.0,0.0,,,,,,
2024-06-22 08:00:00,64519.99,64546.81,64284.0,64289.15,475.3325,4.146e-05,53,0.0,0.0,unknown,,990.2655526746503,0.0,0.0,,,990.2655526746503,0.0,,unknown,0.0,{},,84.0,,,,,,,990.2655526746503,0.0,0.0,0.0,990.2655526746503,0.0,0.0,0.0,,,,,,
2024-06-22 09:00:00,64289.16,64338.28,64214.43,64325.99,284.74271,4.146e-05,53,0.0,0.0,unknown,,990.2655526746503,0.0,0.0,,,990.2655526746503,0.0,,unknown,0.0,{},,85.0,,,,,,,990.2655526746503,0.0,0.0,0.0,990.2655526746503,0.0,0.0,0.0,,,,,,
2024-06-22 10:00:00,64325.99,64372.66,64280.0,64311.71,343.46448,4.146e-05,53,0.0,0.0,unknown,,990.2655526746503,0.0,0.0,,,990.2655526746503,0.0,,unknown,0.0,{},,86.0,,,,,,,990.2655526746503,0.0,0.0,0.0,990.2655526746503,0.0,0.0,0.0,,,,,,
2024-06-22 11:00:00,64311.72,64320.0,64237.58,64265.26,272.80866,4.146e-05,53,0.0,0.0,unknown,,990.2655526746503,0.0,0.0,,,990.2655526746503,0.0,,unknown,0.0,{},,87.0,,,,,,,990.2655526746503,0.0,0.0,0.0,990.2655526746503,0.0,0.0,0.0,,,,,,
2024-06-22 12:00:00,64265.27,64336.0,64265.26,64297.84,226.94866,4.146e-05,53,0.0,0.0,unknown,,990.2655526746503,0.0,0.0,,,990.2655526746503,0.0,,unknown,0.0,{},,88.0,,,,,,,990.2655526746503,0.0,0.0,0.0,990.2655526746503,0.0,0.0,0.0,,,,,,
2024-06-22 13:00:00,64297.85,64303.22,64246.52,64284.0,267.01339,4.146e-05,53,0.0,0.0,unknown,,990.2655526746503,0.0,0.0,,,990.2655526746503,0.0,,unknown,0.0,{},,89.0,,,,,,,990.2655526746503,0.0,0.0,0.0,990.2655526746503,0.0,0.0,0.0,,,,,,
2024-06-22 14:00:00,64284.0,64397.82,64250.25,64287.96,268.62232,4.146e-05,53,0.0,0.0,unknown,,990.2655526746503,0.0,0.0,,,990.2655526746503,0.0,,unknown,0.0,{},,90.0,,,,,,,990.2655526746503,0.0,0.0,0.0,990.2655526746503,0.0,0.0,0.0,,,,,,
2024-06-22 15:00:00,64287.96,64307.09,64255.01,64307.08,167.80696,4.146e-05,53,0.0,0.0,unknown,,990.2655526746503,0.0,0.0,,,990.2655526746503,0.0,,unknown,0.0,{},,91.0,,,,,,,990.2655526746503,0.0,0.0,0.0,990.2655526746503,0.0,0.0,0.0,,,,,,
2024-06-22 16:00:00,64307.09,64362.0,64272.29,64321.28,179.0808,0.0001,53,0.0,0.0,unknown,,990.2655526746503,0.0,0.0,,,990.2655526746503,0.0,,unknown,0.0,{},,92.0,,,,,,,990.2655526746503,0.0,0.0,0.0,990.2655526746503,0.0,0.0,0.0,,,,,,
2024-06-22 17:00:00,64321.29,64348.87,64255.0,64256.37,176.04539,0.0001,53,0.0,0.0,unknown,,990.2655526746503,0.0,0.0,,,990.2655526746503,0.0,,unknown,0.0,{},,93.0,,,,,,,990.2655526746503,0.0,0.0,0.0,990.2655526746503,0.0,0.0,0.0,,,,,,
2024-06-22 18:00:00,64256.38,64328.94,64250.71,64260.81,199.49552,0.0001,53,0.0,0.0,unknown,,990.2655526746503,0.0,0.0,,,990.2655526746503,0.0,,unknown,0.0,{},,94.0,,,,,,,990.2655526746503,0.0,0.0,0.0,990.2655526746503,0.0,0.0,0.0,,,,,,
2024-06-22 19:00:00,64260.82,64295.02,64218.5,64295.01,174.47579,0.0001,53,0.0,0.0,unknown,,990.2655526746503,0.0,0.0,,,990.2655526746503,0.0,,unknown,0.0,{},,95.0,,,,,,,990.2655526746503,0.0,0.0,0.0,990.2655526746503,0.0,0.0,0.0,,,,,,
2024-06-22 20:00:00,64295.01,64303.48,64246.01,64283.99,127.19799,0.0001,53,0.0,0.0,unknown,,990.2655526746503,0.0,0.0,,,990.2655526746503,0.0,,unknown,0.0,{},,96.0,,,,,,,990.2655526746503,0.0,0.0,0.0,990.2655526746503,0.0,0.0,0.0,,,,,,
2024-06-22 21:00:00,64284.0,64330.0,64266.8,64330.0,118.36581,0.0001,53,0.0,0.0,unknown,,990.2655526746503,0.0,0.0,,,990.2655526746503,0.0,,unknown,0.0,{},,97.0,,,,,,,990.2655526746503,0.0,0.0,0.0,990.2655526746503,0.0,0.0,0.0,,,,,,
2024-06-22 22:00:00,64330.0,64330.0,64272.09,64315.79,99.20098,0.0001,53,0.0,0.0,unknown,,990.2655526746503,0.0,0.0,,,990.2655526746503,0.0,,unknown,0.0,{},,98.0,,,,,,,990.2655526746503,0.0,0.0,0.0,990.2655526746503,0.0,0.0,0.0,,,,,,
2024-06-22 23:00:00,64315.79,64328.0,64260.0,64262.01,191.61343,0.0001,53,0.0,0.0,unknown,,990.2655526746503,0.0,0.0,,,990.2655526746503,0.0,,unknown,0.0,{},,99.0,,,,,,,990.2655526746503,0.0,0.0,0.0,990.2655526746503,0.0,0.0,0.0,,,,,,
2024-06-23 00:00:00,64262.01,64520.0,64262.0,64476.43,472.64444,0.0001,55,0.0,0.0,unknown,,990.2655526746503,0.0,0.0,,,990.2655526746503,0.0,,unknown,0.0,{},,100.0,,,,,,,990.2655526746503,0.0,0.0,0.0,990.2655526746503,0.0,0.0,0.0,,,,,,
2024-06-23 01:00:00,64476.44,64521.0,64329.36,64476.19,310.34267,0.0001,55,0.0,0.0,unknown,,990.2655526746503,0.0,0.0,,,990.2655526746503,0.0,,unknown,0.0,{},,101.0,,,,,,,990.2655526746503,0.0,0.0,0.0,990.2655526746503,0.0,0.0,0.0,,,,,,
2024-06-23 02:00:00,64476.2,64507.17,64370.0,64507.17,257.21046,0.0001,55,0.0,0.0,unknown,,990.2655526746503,0.0,0.0,,,990.2655526746503,0.0,,unknown,0.0,{},,102.0,,,,,,,990.2655526746503,0.0,0.0,0.0,990.2655526746503,0.0,0.0,0.0,,,,,,
2024-06-23 03:00:00,64507.17,64519.57,64416.13,64416.14,182.71393,0.0001,55,0.0,0.0,unknown,,990.2655526746503,0.0,0.0,,,990.2655526746503,0.0,,unknown,0.0,{},,103.0,,,,,,,990.2655526746503,0.0,0.0,0.0,990.2655526746503,0.0,0.0,0.0,,,,,,
2024-06-23 04:00:00,64416.14,64428.25,64375.19,64378.02,151.16526,0.0001,55,0.0,0.0,unknown,,990.2655526746503,0.0,0.0,,,990.2655526746503,0.0,,unknown,0.0,{},,104.0,,,,,,,990.2655526746503,0.0,0.0,0.0,990.2655526746503,0.0,0.0,0.0,,,,,,
2024-06-23 05:00:00,64378.02,64419.98,64349.49,64380.0,127.56865,0.0001,55,0.0,0.0,unknown,,990.2655526746503,0.0,0.0,,,990.2655526746503,0.0,,unknown,0.0,{},,105.0,,,,,,,990.2655526746503,0.0,0.0,0.0,990.2655526746503,0.0,0.0,0.0,,,,,,
2024-06-23 06:00:00,64380.01,64413.58,64380.0,64386.5,104.96806,0.0001,55,0.0,0.0,unknown,,990.2655526746503,0.0,0.0,,,990.2655526746503,0.0,,unknown,0.0,{},,106.0,,,,,,,990.2655526746503,0.0,0.0,0.0,990.2655526746503,0.0,0.0,0.0,,,,,,
2024-06-23 07:00:00,64386.51,64433.03,64376.41,64415.27,142.71216,0.0001,55,0.0,0.0,unknown,,990.2655526746503,0.0,0.0,,,990.2655526746503,0.0,,unknown,0.0,{},,107.0,,,,,,,990.2655526746503,0.0,0.0,0.0,990.2655526746503,0.0,0.0,0.0,,,,,,
2024-06-23 08:00:00,64415.27,64435.72,64384.19,64395.43,146.36716,2.307e-05,55,0.0,0.0,unknown,,990.2655526746503,0.0,0.0,,,990.2655526746503,0.0,,unknown,0.0,{},,108.0,,,,,,,990.2655526746503,0.0,0.0,0.0,990.2655526746503,0.0,0.0,0.0,,,,,,
2024-06-23 09:00:00,64395.44,64437.28,64395.43,64418.81,303.74792,2.307e-05,55,0.0,0.0,unknown,,990.2655526746503,0.0,0.0,,,990.2655526746503,0.0,,unknown,0.0,{},,109.0,,,,,,,990.2655526746503,0.0,0.0,0.0,990.2655526746503,0.0,0.0,0.0,,,,,,
2024-06-23 10:00:00,64418.81,64418.81,64281.32,64305.6,283.29094,2.307e-05,55,0.0,0.0,unknown,,990.2655526746503,0.0,0.0,,,990.2655526746503,0.0,,unknown,0.0,{},,110.0,,,,,,,990.2655526746503,0.0,0.0,0.0,990.2655526746503,0.0,0.0,0.0,,,,,,
2024-06-23 11:00:00,64305.6,64341.46,64252.85,64341.45,212.32588,2.307e-05,55,0.0,0.0,unknown,,990.2655526746503,0.0,0.0,,,990.2655526746503,0.0,,unknown,0.0,{},,111.0,,,,,,,990.2655526746503,0.0,0.0,0.0,990.2655526746503,0.0,0.0,0.0,,,,,,
2024-06-23 12:00:00,64341.46,64376.0,64318.15,64375.99,177.48139,2.307e-05,55,0.0,0.0,unknown,,990.2655526746503,0.0,0.0,,,990.2655526746503,0.0,,unknown,0.0,{},,112.0,,,,,,,990.2655526746503,0.0,0.0,0.0,990.2655526746503,0.0,0.0,0.0,,,,,,
2024-06-23 13:00:00,64376.0,64429.1,64254.02,64297.79,308.12524,2.307e-05,55,0.0,0.0,unknown,,990.2655526746503,0.0,0.0,,,990.2655526746503,0.0,,unknown,0.0,{},,113.0,,,,,,,990.2655526746503,0.0,0.0,0.0,990.2655526746503,0.0,0.0,0.0,,,,,,
2024-06-23 14:00:00,64297.79,64310.0,64140.9,64192.01,370.05892,2.307e-05,55,0.0,0.0,unknown,,990.2655526746503,0.0,0.0,,,990.2655526746503,0.0,,unknown,0.0,{},,114.0,,,,,,,990.2655526746503,0.0,0.0,0.0,990.2655526746503,0.0,0.0,0.0,,,,,,
2024-06-23 15:00:00,64192.0,64200.0,64049.41,64094.0,527.46436,2.307e-05,55,0.0,0.0,unknown,,990.2655526746503,0.0,0.0,,,990.2655526746503,0.0,,unknown,0.0,{},,115.0,,,,,,,990.2655526746503,0.0,0.0,0.0,990.2655526746503,0.0,0.0,0.0,,,,,,
2024-06-23 16:00:00,64094.01,64180.01,63918.58,63927.49,529.5917,4.676e-05,55,0.0,0.0,unknown,,990.2655526746503,0.0,0.0,,,990.2655526746503,0.0,,unknown,0.0,{},,116.0,,,,,,,990.2655526746503,0.0,0.0,0.0,990.2655526746503,0.0,0.0,0.0,,,,,,
2024-06-23 17:00:00,63927.48,64178.76,63927.48,64120.39,517.17854,4.676e-05,55,0.0,0.0,unknown,,990.2655526746503,0.0,0.0,,,990.2655526746503,0.0,,unknown,0.0,{},,117.0,,,,,,,990.2655526746503,0.0,0.0,0.0,990.2655526746503,0.0,0.0,0.0,,,,,,
2024-06-23 18:00:00,64120.39,64153.39,64068.0,64111.98,193.89915,4.676e-05,55,0.0,0.0,unknown,,990.2655526746503,0.0,0.0,,,990.2655526746503,0.0,,unknown,0.0,{},,118.0,,,,,,,990.2655526746503,0.0,0.0,0.0,990.2655526746503,0.0,0.0,0.0,,,,,,
2024-06-23 19:00:00,64111.99,64187.62,64094.45,64149.78,189.70895,4.676e-05,55,0.0,0.0,unknown,,990.2655526746503,0.0,0.0,,,990.2655526746503,0.0,,unknown,0.0,{},,119.0,,,,,,,990.2655526746503,0.0,0.0,0.0,990.2655526746503,0.0,0.0,0.0,,,,,,
2024-06-23 20:00:00,64149.78,64159.0,63601.01,63740.01,740.60659,4.676e-05,55,0.0,0.0,unknown,,990.2655526746503,0.0,0.0,,,990.2655526746503,0.0,,unknown,0.0,{},,120.0,,,,,,,990.2655526746503,0.0,0.0,0.0,990.2655526746503,0.0,0.0,0.0,,,,,,
2024-06-23 21:00:00,63740.02,63860.0,63536.0,63844.67,597.62536,4.676e-05,55,0.0,0.0,unknown,,990.2655526746503,0.0,0.0,,,990.2655526746503,0.0,,unknown,0.0,{},,121.0,,,,,,,990.2655526746503,0.0,0.0,0.0,990.2655526746503,0.0,0.0,0.0,,,,,,
2024-06-23 22:00:00,63844.67,63844.67,63639.99,63657.99,358.10896,4.676e-05,55,0.0,0.0,unknown,,990.2655526746503,0.0,0.0,,,990.2655526746503,0.0,,unknown,0.0,{},,122.0,,,,,,,990.2655526746503,0.0,0.0,0.0,990.2655526746503,0.0,0.0,0.0,,,,,,
2024-06-23 23:00:00,63658.0,63700.01,63178.32,63210.01,1019.54778,4.676e-05,55,0.0,0.0,unknown,,990.2655526746503,0.0,0.0,,,990.2655526746503,0.0,,unknown,0.0,{},,123.0,,,,,,,990.2655526746503,0.0,0.0,0.0,990.2655526746503,0.0,0.0,0.0,,,,,,
2024-06-24 00:00:00,63210.01,63336.32,62903.69,63080.0,1925.84276,4.676e-05,51,0.0,0.0,unknown,,990.2655526746503,0.0,0.0,,,990.2655526746503,0.0,,unknown,0.0,{},,124.0,,,,,,,990.2655526746503,0.0,0.0,0.0,990.2655526746503,0.0,0.0,0.0,,,,,,
2024-06-24 01:00:00,63080.01,63348.32,62920.0,63315.99,935.34633,9.534e-05,51,0.0,0.0,unknown,,990.2655526746503,0.0,0.0,,,990.2655526746503,0.0,,unknown,0.0,{},,125.0,,,,,,,990.2655526746503,0.0,0.0,0.0,990.2655526746503,0.0,0.0,0.0,,,,,,
2024-06-24 02:00:00,63315.99,63369.8,62695.02,62880.94,1067.46485,9.534e-05,51,0.0,0.0,unknown,,990.2655526746503,0.0,0.0,,,990.2655526746503,0.0,,unknown,0.0,{},,126.0,,,,,,,990.2655526746503,0.0,0.0,0.0,990.2655526746503,0.0,0.0,0.0,,,,,,
2024-06-24 03:00:00,62880.95,63077.44,62767.65,62862.0,697.96527,9.534e-05,51,0.0,0.0,unknown,,990.2655526746503,0.0,0.0,,,990.2655526746503,0.0,,unknown,0.0,{},,127.0,,,,,,,990.2655526746503,0.0,0.0,0.0,990.2655526746503,0.0,0.0,0.0,,,,,,
2024-06-24 04:00:00,62862.0,62952.0,62634.0,62840.97,793.08191,9.534e-05,51,0.0,0.0,unknown,,990.2655526746503,0.0,0.0,,,990.2655526746503,0.0,,unknown,0.0,{},,128.0,,,,,,,990.2655526746503,0.0,0.0,0.0,990.2655526746503,0.0,0.0,0.0,,,,,,
2024-06-24 05:00:00,62840.96,62881.86,62258.01,62314.01,1848.67059,9.534e-05,51,0.0,0.0,unknown,,990.2655526746503,0.0,0.0,,,990.2655526746503,0.0,,unknown,0.0,{},,129.0,,,,,,,990.2655526746503,0.0,0.0,0.0,990.2655526746503,0.0,0.0,0.0,,,,,,
2024-06-24 06:00:00,62314.01,62426.0,62160.72,62405.0,1118.00877,9.534e-05,51,0.0,0.0,unknown,,990.2655526746503,0.0,0.0,,,990.2655526746503,0.0,,unknown,0.0,{},,130.0,,,,,,,990.2655526746503,0.0,0.0,0.0,990.2655526746503,0.0,0.0,0.0,,,,,,
2024-06-24 07:00:00,62405.0,62596.24,62177.37,62456.0,1308.32245,9.534e-05,51,0.0,0.0,unknown,,990.2655526746503,0.0,0.0,,,990.2655526746503,0.0,,unknown,0.0,{},,131.0,,,,,,,990.2655526746503,0.0,0.0,0.0,990.2655526746503,0.0,0.0,0.0,,,,,,
2024-06-24 08:00:00,62456.0,62975.6,62340.01,62730.92,1372.26622,0.0001,51,0.0,0.0,unknown,,990.2655526746503,0.0,0.0,,,990.2655526746503,0.0,,unknown,0.0,{},,132.0,,,,,,,990.2655526746503,0.0,0.0,0.0,990.2655526746503,0.0,0.0,0.0,,,,,,
2024-06-24 09:00:00,62730.92,62867.0,60567.01,61402.28,6567.42005,0.0001,51,0.0,0.0,unknown,,990.2655526746503,0.0,0.0,,,990.2655526746503,0.0,,unknown,0.0,{},,133.0,,,,,,,990.2655526746503,0.0,0.0,0.0,990.2655526746503,0.0,0.0,0.0,,,,,,
2024-06-24 10:00:00,61402.28,61582.0,61125.0,61167.15,2512.20979,0.0001,51,0.0,0.0,unknown,,990.2655526746503,0.0,0.0,,,990.2655526746503,0.0,,unknown,0.0,{},,134.0,,,,,,,990.2655526746503,0.0,0.0,0.0,990.2655526746503,0.0,0.0,0.0,,,,,,
2024-06-24 11:00:00,61167.15,61382.65,60836.09,61291.95,1684.89795,0.0001,51,0.0,0.0,unknown,,990.2655526746503,0.0,0.0,,,990.2655526746503,0.0,,unknown,0.0,{},,135.0,,,,,,,990.2655526746503,0.0,0.0,0.0,990.2655526746503,0.0,0.0,0.0,,,,,,
2024-06-24 12:00:00,61291.95,61514.55,61121.21,61215.21,1297.70351,0.0001,51,0.0,0.0,unknown,,990.2655526746503,0.0,0.0,,,990.2655526746503,0.0,,unknown,0.0,{},,136.0,,,,,,,990.2655526746503,0.0,0.0,0.0,990.2655526746503,0.0,0.0,0.0,,,,,,
2024-06-24 13:00:00,61215.21,61649.63,60915.93,61569.2,1473.0343,0.0001,51,0.0,0.0,unknown,,990.2655526746503,0.0,0.0,,,990.2655526746503,0.0,,unknown,0.0,{},,137.0,,,,,,,990.2655526746503,0.0,0.0,0.0,990.2655526746503,0.0,0.0,0.0,,,,,,
2024-06-24 14:00:00,61569.19,61700.0,61100.0,61303.41,1418.61356,0.0001,51,0.0,0.0,unknown,,990.2655526746503,0.0,0.0,,,990.2655526746503,0.0,,unknown,0.0,{},,138.0,,,,,,,990.2655526746503,0.0,0.0,0.0,990.2655526746503,0.0,0.0,0.0,,,,,,
2024-06-24 15:00:00,61303.41,61368.0,60670.36,60843.99,1607.6034,0.0001,51,0.0,0.0,unknown,,990.2655526746503,0.0,0.0,,,990.2655526746503,0.0,,unknown,0.0,{},,139.0,,,,,,,990.2655526746503,0.0,0.0,0.0,990.2655526746503,0.0,0.0,0.0,,,,,,
2024-06-24 16:00:00,60843.99,61044.44,60000.0,60168.01,4635.48117,7.488e-05,51,0.0,0.0,unknown,,990.2655526746503,0.0,0.0,,,990.2655526746503,0.0,,unknown,0.0,{},,140.0,,,,,,,990.2655526746503,0.0,0.0,0.0,990.2655526746503,0.0,0.0,0.0,,,,,,
2024-06-24 17:00:00,60168.01,60548.46,59859.0,60244.89,6177.39401,7.488e-05,51,0.0,0.0,unknown,,990.2655526746503,0.0,0.0,,,990.2655526746503,0.0,,unknown,0.0,{},,141.0,,,,,,,990.2655526746503,0.0,0.0,0.0,990.2655526746503,0.0,0.0,0.0,,,,,,
2024-06-24 18:00:00,60244.89,60487.0,59711.2,60412.01,2431.20962,7.488e-05,51,0.0,0.0,unknown,,990.2655526746503,0.0,0.0,,,990.2655526746503,0.0,,unknown,0.0,{},,142.0,,,,,,,990.2655526746503,0.0,0.0,0.0,990.2655526746503,0.0,0.0,0.0,,,,,,
2024-06-24 19:00:00,60412.01,60478.34,59058.0,59306.72,3165.80995,7.488e-05,51,0.0,0.0,unknown,,990.2655526746503,0.0,0.0,,,990.2655526746503,0.0,,unknown,0.0,{},,143.0,,,,,,,990.2655526746503,0.0,0.0,0.0,990.2655526746503,0.0,0.0,0.0,,,,,,
2024-06-24 20:00:00,59306.72,59660.0,58402.0,59514.0,4532.01753,7.488e-05,51,0.0,0.0,unknown,,990.2655526746503,0.0,0.0,,,990.2655526746503,0.0,,unknown,0.0,{},,144.0,,,,,,,990.2655526746503,0.0,0.0,0.0,990.2655526746503,0.0,0.0,0.0,,,,,,
2024-06-24 21:00:00,59514.0,60119.24,59411.11,60119.24,1967.93007,7.488e-05,51,0.0,0.0,unknown,,990.2655526746503,0.0,0.0,,,990.2655526746503,0.0,,unknown,0.0,{},,145.0,,,,,,,990.2655526746503,0.0,0.0,0.0,990.2655526746503,0.0,0.0,0.0,,,,,,
2024-06-24 22:00:00,60119.24,60277.11,59985.79,60048.98,798.42749,7.488e-05,51,0.0,0.0,unknown,,990.2655526746503,0.0,0.0,,,990.2655526746503,0.0,,unknown,0.0,{},,146.0,,,,,,,990.2655526746503,0.0,0.0,0.0,990.2655526746503,0.0,0.0,0.0,,,,,,
2024-06-24 23:00:00,60048.98,60442.71,60002.59,60293.3,824.63259,7.488e-05,51,0.0,0.0,unknown,,990.2655526746503,0.0,0.0,,,990.2655526746503,0.0,,unknown,0.0,{},,147.0,,,,,,,990.2655526746503,0.0,0.0,0.0,990.2655526746503,0.0,0.0,0.0,,,,,,
2024-06-25 00:00:00,60293.3,60664.3,60257.06,60409.11,1114.44867,7.447e-05,30,0.0,0.0,unknown,,990.2655526746503,0.0,0.0,,,990.2655526746503,0.0,,unknown,0.0,{},,148.0,,,,,,,990.2655526746503,0.0,0.0,0.0,990.2655526746503,0.0,0.0,0.0,,,,,,
2024-06-25 01:00:00,60409.11,60511.0,60282.0,60492.0,470.01385,7.447e-05,30,0.0,0.0,unknown,,990.2655526746503,0.0,0.0,,,990.2655526746503,0.0,,unknown,0.0,{},,149.0,,,,,,,990.2655526746503,0.0,0.0,0.0,990.2655526746503,0.0,0.0,0.0,,,,,,
2024-06-25 02:00:00,60492.0,60725.05,60412.0,60676.01,759.3559,7.447e-05,30,0.0,0.0,unknown,,990.2655526746503,0.0,0.0,,,990.2655526746503,0.0,,unknown,0.0,{},,150.0,,,,,,,990.2655526746503,0.0,0.0,0.0,990.2655526746503,0.0,0.0,0.0,,,,,,
2024-06-25 03:00:00,60676.01,61598.87,60624.22,61302.59,2473.83812,7.447e-05,30,0.0,0.0,unknown,,990.2655526746503,0.0,0.0,,,990.2655526746503,0.0,,unknown,0.0,{},,151.0,,,,,,,990.2655526746503,0.0,0.0,0.0,990.2655526746503,0.0,0.0,0.0,,,,,,
2024-06-25 04:00:00,61302.59,61420.0,61160.05,61371.27,1053.71457,7.447e-05,30,0.0,0.0,unknown,,990.2655526746503,0.0,0.0,,,990.2655526746503,0.0,,unknown,0.0,{},,152.0,,,,,,,990.2655526746503,0.0,0.0,0.0,990.2655526746503,0.0,0.0,0.0,,,,,,
2024-06-25 05:00:00,61371.27,61420.0,60931.9,61024.01,779.22902,7.447e-05,30,0.0,0.0,unknown,,990.2655526746503,0.0,0.0,,,990.2655526746503,0.0,,unknown,0.0,{},,153.0,,,,,,,990.2655526746503,0.0,0.0,0.0,990.2655526746503,0.0,0.0,0.0,,,,,,
2024-06-25 06:00:00,61024.01,61188.39,60958.0,61139.67,853.86078,7.447e-05,30,0.0,0.0,unknown,,990.2655526746503,0.0,0.0,,,990.2655526746503,0.0,,unknown,0.0,{},,154.0,,,,,,,990.2655526746503,0.0,0.0,0.0,990.2655526746503,0.0,0.0,0.0,,,,,,
2024-06-25 07:00:00,61139.67,61255.6,60624.63,60685.16,1391.58252,7.447e-05,30,0.0,0.0,unknown,,990.2655526746503,0.0,0.0,,,990.2655526746503,0.0,,unknown,0.0,{},,155.0,,,,,,,990.2655526746503,0.0,0.0,0.0,990.2655526746503,0.0,0.0,0.0,,,,,,
2024-06-25 08:00:00,60685.16,60911.63,60668.01,60860.12,889.81277,5.949e-05,30,0.0,0.0,unknown,,990.2655526746503,0.0,0.0,,,990.2655526746503,0.0,,unknown,0.0,{},,156.0,,,,,,,990.2655526746503,0.0,0.0,0.0,990.2655526746503,0.0,0.0,0.0,,,,,,
2024-06-25 09:00:00,60860.11,61583.18,60838.48,61468.01,1341.74689,5.949e-05,30,0.0,0.0,unknown,,990.2655526746503,0.0,0.0,,,990.2655526746503,0.0,,unknown,0.0,{},,157.0,,,,,,,990.2655526746503,0.0,0.0,0.0,990.2655526746503,0.0,0.0,0.0,,,,,,
2024-06-25 10:00:00,61468.01,61468.01,61156.38,61317.17,1319.2722,5.949e-05,30,0.0,0.0,unknown,,990.2655526746503,0.0,0.0,,,990.2655526746503,0.0,,unknown,0.0,{},,158.0,,,,,,,990.2655526746503,0.0,0.0,0.0,990.2655526746503,0.0,0.0,0.0,,,,,,
2024-06-25 11:00:00,61317.17,61488.71,61125.17,61187.64,1128.24023,5.949e-05,30,0.0,0.0,unknown,,990.2655526746503,0.0,0.0,,,990.2655526746503,0.0,,unknown,0.0,{},,159.0,,,,,,,990.2655526746503,0.0,0.0,0.0,990.2655526746503,0.0,0.0,0.0,,,,,,
2024-06-25 12:00:00,61187.64,61270.13,60953.23,61048.51,1426.8808,5.949e-05,30,0.0,0.0,unknown,,990.2655526746503,0.0,0.0,,,990.2655526746503,0.0,,unknown,0.0,{},,160.0,,,,,,,990.2655526746503,0.0,0.0,0.0,990.2655526746503,0.0,0.0,0.0,,,,,,
2024-06-25 13:00:00,61048.51,61432.42,61012.0,61200.0,1361.76099,5.949e-05,30,0.0,0.0,unknown,,990.2655526746503,0.0,0.0,,,990.2655526746503,0.0,,unknown,0.0,{},,161.0,,,,,,,990.2655526746503,0.0,0.0,0.0,990.2655526746503,0.0,0.0,0.0,,,,,,
2024-06-25 14:00:00,61200.0,62134.0,61155.75,61763.44,3157.36991,5.949e-05,30,0.0,0.0,unknown,,990.2655526746503,0.0,0.0,,,990.2655526746503,0.0,,unknown,0.0,{},,162.0,,,,,,,990.2655526746503,0.0,0.0,0.0,990.2655526746503,0.0,0.0,0.0,,,,,,
2024-06-25 15:00:00,61763.44,61960.0,61314.66,61810.0,2789.78876,5.949e-05,30,0.0,0.0,unknown,,990.2655526746503,0.0,0.0,,,990.2655526746503,0.0,,unknown,0.0,{},,163.0,,,,,,,990.2655526746503,0.0,0.0,0.0,990.2655526746503,0.0,0.0,0.0,,,,,,
2024-06-25 16:00:00,61810.0,61939.23,61364.31,61390.01,1776.15816,7.752e-05,30,0.0,0.0,unknown,,990.2655526746503,0.0,0.0,,,990.2655526746503,0.0,,unknown,0.0,{},,164.0,,,,,,,990.2655526746503,0.0,0.0,0.0,990.2655526746503,0.0,0.0,0.0,,,,,,
2024-06-25 17:00:00,61387.4,61780.0,61331.47,61381.44,1054.39397,7.752e-05,30,0.0,0.0,unknown,,990.2655526746503,0.0,0.0,,,990.2655526746503,0.0,,unknown,0.0,{},,165.0,,,,,,,990.2655526746503,0.0,0.0,0.0,990.2655526746503,0.0,0.0,0.0,,,,,,
2024-06-25 18:00:00,61381.44,62230.0,61135.37,62159.09,2134.65931,7.752e-05,30,0.0,0.0,unknown,,990.2655526746503,0.0,0.0,,,990.2655526746503,0.0,,unknown,0.0,{},,166.0,,,,,,,990.2655526746503,0.0,0.0,0.0,990.2655526746503,0.0,0.0,0.0,,,,,,
2024-06-25 19:00:00,62159.09,62420.0,61806.12,61975.46,1562.7805,7.752e-05,30,0.0,0.0,unknown,,990.2655526746503,0.0,0.0,,,990.2655526746503,0.0,,unknown,0.0,{},,167.0,,,,,,,990.2655526746503,0.0,0.0,0.0,990.2655526746503,0.0,0.0,0.0,,,,,,
2024-06-25 20:00:00,61975.46,62079.47,61872.26,61924.01,711.66315,7.752e-05,30,0.0,0.0,unknown,,990.2655526746503,0.0,0.0,,,990.2655526746503,0.0,,unknown,0.0,{},,168.0,,,,,,,990.2655526746503,0.0,0.0,0.0,990.2655526746503,0.0,0.0,0.0,,,,,,
2024-06-25 21:00:00,61924.0,62030.0,61810.0,61916.53,431.56954,7.752e-05,30,0.0,0.0,unknown,,990.2655526746503,0.0,0.0,,,990.2655526746503,0.0,,unknown,0.0,{},,169.0,,,,,,,990.2655526746503,0.0,0.0,0.0,990.2655526746503,0.0,0.0,0.0,,,,,,
2024-06-25 22:00:00,61916.53,62162.49,61866.68,61909.99,479.20552,7.752e-05,30,0.0,0.0,unknown,,990.2655526746503,0.0,0.0,,,990.2655526746503,0.0,,unknown,0.0,{},,170.0,,,,,,,990.2655526746503,0.0,0.0,0.0,990.2655526746503,0.0,0.0,0.0,,,,,,
2024-06-25 23:00:00,61909.99,61946.39,61664.0,61806.01,727.89748,7.752e-05,30,0.0,0.0,unknown,,990.2655526746503,0.0,0.0,,,990.2655526746503,0.0,,unknown,0.0,{},,171.0,,,,,,,990.2655526746503,0.0,0.0,0.0,990.2655526746503,0.0,0.0,0.0,,,,,,
2024-06-26 00:00:00,61806.01,61861.15,61643.48,61767.72,636.93974,7.752e-05,46,0.0,0.0,unknown,,990.2655526746503,0.0,0.0,,,990.2655526746503,0.0,,unknown,0.0,{},,172.0,,,,,,,990.2655526746503,0.0,0.0,0.0,990.2655526746503,0.0,0.0,0.0,,,,,,
2024-06-26 01:00:00,61767.72,62184.31,61728.17,62090.01,1251.60881,0.0001,46,0.0,0.0,unknown,,990.2655526746503,0.0,0.0,,,990.2655526746503,0.0,,unknown,0.0,{},,173.0,,,,,,,990.2655526746503,0.0,0.0,0.0,990.2655526746503,0.0,0.0,0.0,,,,,,
2024-06-26 02:00:00,62090.01,62487.81,62012.73,62028.01,1073.78712,0.0001,46,0.0,0.0,unknown,,990.2655526746503,0.0,0.0,,,990.2655526746503,0.0,,unknown,0.0,{},,174.0,,,,,,,990.2655526746503,0.0,0.0,0.0,990.2655526746503,0.0,0.0,0.0,,,,,,
2024-06-26 03:00:00,62028.01,62079.99,61850.75,61936.07,576.48555,0.0001,46,0.0,0.0,unknown,,990.2655526746503,0.0,0.0,,,990.2655526746503,0.0,,unknown,0.0,{},,175.0,,,,,,,990.2655526746503,0.0,0.0,0.0,990.2655526746503,0.0,0.0,0.0,,,,,,
2024-06-26 04:00:00,61936.07,61990.0,61712.94,61712.96,880.71261,0.0001,46,0.0,0.0,unknown,,990.2655526746503,0.0,0.0,,,990.2655526746503,0.0,,unknown,0.0,{},,176.0,,,,,,,990.2655526746503,0.0,0.0,0.0,990.2655526746503,0.0,0.0,0.0,,,,,,
2024-06-26 05:00:00,61712.96,61795.99,61553.95,61562.01,972.33006,0.0001,46,0.0,0.0,unknown,,990.2655526746503,0.0,0.0,,,990.2655526746503,0.0,,unknown,0.0,{},,177.0,,,,,,,990.2655526746503,0.0,0.0,0.0,990.2655526746503,0.0,0.0,0.0,,,,,,
2024-06-26 06:00:00,61562.01,61678.83,61520.0,61577.21,732.54122,0.0001,46,0.0,0.0,unknown,,990.2655526746503,0.0,0.0,,,990.2655526746503,0.0,,unknown,0.0,{},,178.0,,,,,,,990.2655526746503,0.0,0.0,0.0,990.2655526746503,0.0,0.0,0.0,,,,,,
2024-06-26 07:00:00,61577.21,61800.0,61530.0,61720.02,906.53293,0.0001,46,0.0,0.0,unknown,,990.2655526746503,0.0,0.0,,,990.2655526746503,0.0,,unknown,0.0,{},,179.0,,,,,,,990.2655526746503,0.0,0.0,0.0,990.2655526746503,0.0,0.0,0.0,,,,,,
2024-06-26 08:00:00,61720.02,61754.6,61370.44,61472.48,860.37161,0.0001,46,0.0,0.0,unknown,,990.2655526746503,0.0,0.0,,,990.2655526746503,0.0,,unknown,0.0,{},,180.0,,,,,,,990.2655526746503,0.0,0.0,0.0,990.2655526746503,0.0,0.0,0.0,,,,,,
2024-06-26 09:00:00,61472.48,61524.34,61310.0,61376.73,662.64915,0.0001,46,0.0,0.0,unknown,,990.2655526746503,0.0,0.0,,,990.2655526746503,0.0,,unknown,0.0,{},,181.0,,,,,,,990.2655526746503,0.0,0.0,0.0,990.2655526746503,0.0,0.0,0.0,,,,,,
2024-06-26 10:00:00,61376.73,61418.82,61149.64,61264.3,1239.97558,0.0001,46,0.0,0.0,unknown,,990.2655526746503,0.0,0.0,,,990.2655526746503,0.0,,unknown,0.0,{},,182.0,,,,,,,990.2655526746503,0.0,0.0,0.0,990.2655526746503,0.0,0.0,0.0,,,,,,
2024-06-26 11:00:00,61264.3,61561.47,61264.29,61445.26,730.40766,0.0001,46,0.0,0.0,unknown,,990.2655526746503,0.0,0.0,,,990.2655526746503,0.0,,unknown,0.0,{},,183.0,,,,,,,990.2655526746503,0.0,0.0,0.0,990.2655526746503,0.0,0.0,0.0,,,,,,
2024-06-26 12:00:00,61445.26,61588.13,61338.0,61431.47,1095.2336,0.0001,46,0.0,0.0,unknown,,990.2655526746503,0.0,0.0,,,990.2655526746503,0.0,,unknown,0.0,{},,184.0,,,,,,,990.2655526746503,0.0,0.0,0.0,990.2655526746503,0.0,0.0,0.0,,,,,,
2024-06-26 13:00:00,61431.47,61840.34,61381.08,61760.0,1116.88699,0.0001,46,0.0,0.0,unknown,,990.2655526746503,0.0,0.0,,,990.2655526746503,0.0,,unknown,0.0,{},,185.0,,,,,,,990.2655526746503,0.0,0.0,0.0,990.2655526746503,0.0,0.0,0.0,,,,,,
2024-06-26 14:00:00,61760.0,61980.0,61549.61,61728.13,1237.91032,0.0001,46,0.0,0.0,unknown,,990.2655526746503,0.0,0.0,,,990.2655526746503,0.0,,unknown,0.0,{},,186.0,,,,,,,990.2655526746503,0.0,0.0,0.0,990.2655526746503,0.0,0.0,0.0,,,,,,
2024-06-26 15:00:00,61728.13,61766.0,61182.8,61467.86,1263.87551,0.0001,46,0.0,0.0,unknown,,990.2655526746503,0.0,0.0,,,990.2655526746503,0.0,,unknown,0.0,{},,187.0,,,,,,,990.2655526746503,0.0,0.0,0.0,990.2655526746503,0.0,0.0,0.0,,,,,,
2024-06-26 16:00:00,61467.85,61547.02,61151.63,61274.01,939.79382,0.0001,46,0.0,0.0,unknown,,990.2655526746503,0.0,0.0,,,990.2655526746503,0.0,,unknown,0.0,{},,188.0,,,,,,,990.2655526746503,0.0,0.0,0.0,990.2655526746503,0.0,0.0,0.0,,,,,,
2024-06-26 17:00:00,61274.0,61358.76,60855.0,61242.0,1753.70824,0.0001,46,0.0,0.0,unknown,,990.2655526746503,0.0,0.0,,,990.2655526746503,0.0,,unknown,0.0,{},,189.0,,,,,,,990.2655526746503,0.0,0.0,0.0,990.2655526746503,0.0,0.0,0.0,,,,,,
2024-06-26 18:00:00,61242.0,61245.92,60902.0,60910.02,832.68478,0.0001,46,0.0,0.0,unknown,,990.2655526746503,0.0,0.0,,,990.2655526746503,0.0,,unknown,0.0,{},,190.0,,,,,,,990.2655526746503,0.0,0.0,0.0,990.2655526746503,0.0,0.0,0.0,,,,,,
2024-06-26 19:00:00,60910.02,61142.0,60715.3,61000.01,1489.50301,0.0001,46,0.0,0.0,unknown,,990.2655526746503,0.0,0.0,,,990.2655526746503,0.0,,unknown,0.0,{},,191.0,,,,,,,990.2655526746503,0.0,0.0,0.0,990.2655526746503,0.0,0.0,0.0,,,,,,
2024-06-26 20:00:00,61000.01,61155.66,60712.0,60993.36,1103.64524,0.0001,46,0.0,0.0,unknown,,990.2655526746503,0.0,0.0,,,990.2655526746503,0.0,,unknown,0.0,{},,192.0,,,,,,,990.2655526746503,0.0,0.0,0.0,990.2655526746503,0.0,0.0,0.0,,,,,,
2024-06-26 21:00:00,60993.36,61080.0,60921.04,61054.35,371.43605,0.0001,46,0.0,0.0,unknown,,990.2655526746503,0.0,0.0,,,990.2655526746503,0.0,,unknown,0.0,{},,193.0,,,,,,,990.2655526746503,0.0,0.0,0.0,990.2655526746503,0.0,0.0,0.0,,,,,,
2024-06-26 22:00:00,61054.35,61054.36,60783.13,60924.61,429.15827,0.0001,46,0.0,0.0,unknown,,990.2655526746503,0.0,0.0,,,990.2655526746503,0.0,,unknown,0.0,{},,194.0,,,,,,,990.2655526746503,0.0,0.0,0.0,990.2655526746503,0.0,0.0,0.0,,,,,,
2024-06-26 23:00:00,60924.61,60969.79,60783.26,60864.99,327.48676,0.0001,46,0.0,0.0,unknown,,990.2655526746503,0.0,0.0,,,990.2655526746503,0.0,,unknown,0.0,{},,195.0,,,,,,,990.2655526746503,0.0,0.0,0.0,990.2655526746503,0.0,0.0,0.0,,,,,,
2024-06-27 00:00:00,60864.98,61052.65,60764.73,60982.0,711.03625,0.0001,40,0.0,0.0,unknown,,990.2655526746503,0.0,0.0,,,990.2655526746503,0.0,,unknown,0.0,{},,196.0,,,,,,,990.2655526746503,0.0,0.0,0.0,990.2655526746503,0.0,0.0,0.0,,,,,,
2024-06-27 01:00:00,60982.0,61150.0,60890.47,61064.01,521.26664,0.0001,40,0.0,0.0,unknown,,990.2655526746503,0.0,0.0,,,990.2655526746503,0.0,,unknown,0.0,{},,197.0,,,,,,,990.2655526746503,0.0,0.0,0.0,990.2655526746503,0.0,0.0,0.0,,,,,,
2024-06-27 02:00:00,61064.01,61096.02,60852.87,61029.49,453.58608,0.0001,40,0.0,0.0,unknown,,990.2655526746503,0.0,0.0,,,990.2655526746503,0.0,,unknown,0.0,{},,198.0,,,,,,,990.2655526746503,0.0,0.0,0.0,990.2655526746503,0.0,0.0,0.0,,,,,,
2024-06-27 03:00:00,61029.49,61300.0,60946.01,61037.31,705.11535,0.0001,40,0.0,0.0,unknown,,990.2655526746503,0.0,0.0,,,990.2655526746503,0.0,,unknown,0.0,{},,199.0,,,,,,,990.2655526746503,0.0,0.0,0.0,990.2655526746503,0.0,0.0,0.0,,,,,,
2024-06-27 04:00:00,61037.31,61192.0,61013.24,61114.02,468.57266,0.0001,40,0.0,0.0,unknown,,990.2655526746503,0.0,0.0,,,990.2655526746503,0.0,,unknown,0.0,{},,200.0,,,,,,,990.2655526746503,0.0,0.0,0.0,990.2655526746503,0.0,0.0,0.0,,,,,,
2024-06-27 05:00:00,61114.02,61148.84,60792.0,60805.5,542.57773,0.0001,40,0.0,0.0,unknown,,990.2655526746503,0.0,0.0,,,990.2655526746503,0.0,,unknown,0.0,{},,201.0,,,,,,,990.2655526746503,0.0,0.0,0.0,990.2655526746503,0.0,0.0,0.0,,,,,,
2024-06-27 06:00:00,60805.5,60853.06,60606.63,60742.01,1033.96191,0.0001,40,0.0,0.0,unknown,,990.2655526746503,0.0,0.0,,,990.2655526746503,0.0,,unknown,0.0,{},,202.0,,,,,,,990.2655526746503,0.0,0.0,0.0,990.2655526746503,0.0,0.0,0.0,,,,,,
2024-06-27 07:00:00,60742.0,60914.51,60715.54,60794.01,669.62418,0.0001,40,0.0,0.0,unknown,,990.2655526746503,0.0,0.0,,,990.2655526746503,0.0,,unknown,0.0,{},,203.0,,,,,,,990.2655526746503,0.0,0.0,0.0,990.2655526746503,0.0,0.0,0.0,,,,,,
2024-06-27 08:00:00,60794.01,60866.0,60736.62,60866.0,435.21925,0.0001,40,0.0,0.0,unknown,,990.2655526746503,0.0,0.0,,,990.2655526746503,0.0,,unknown,0.0,{},,204.0,,,,,,,990.2655526746503,0.0,0.0,0.0,990.2655526746503,0.0,0.0,0.0,,,,,,
2024-06-27 09:00:00,60866.0,61346.0,60818.0,61282.78,824.33069,0.0001,40,0.0,0.0,unknown,,990.2655526746503,0.0,0.0,,,990.2655526746503,0.0,,unknown,0.0,{},,205.0,,,,,,,990.2655526746503,0.0,0.0,0.0,990.2655526746503,0.0,0.0,0.0,,,,,,
2024-06-27 10:00:00,61282.78,61455.15,61110.0,61110.01,788.44759,0.0001,40,0.0,0.0,unknown,,990.2655526746503,0.0,0.0,,,990.2655526746503,0.0,,unknown,0.0,{},,206.0,,,,,,,990.2655526746503,0.0,0.0,0.0,990.2655526746503,0.0,0.0,0.0,,,,,,
2024-06-27 11:00:00,61110.01,61314.2,61096.0,61196.02,580.05999,0.0001,40,0.0,0.0,unknown,,990.2655526746503,0.0,0.0,,,990.2655526746503,0.0,,unknown,0.0,{},,207.0,,,,,,,990.2655526746503,0.0,0.0,0.0,990.2655526746503,0.0,0.0,0.0,,,,,,
2024-06-27 12:00:00,61196.01,61660.0,61154.6,61341.88,1198.51794,0.0001,40,0.0,0.0,unknown,,990.2655526746503,0.0,0.0,,,990.2655526746503,0.0,,unknown,0.0,{},,208.0,,,,,,,990.2655526746503,0.0,0.0,0.0,990.2655526746503,0.0,0.0,0.0,,,,,,
2024-06-27 13:00:00,61341.87,61994.0,61314.0,61990.0,1761.82668,0.0001,40,0.0,0.0,unknown,,990.2655526746503,0.0,0.0,,,990.2655526746503,0.0,,unknown,0.0,{},,209.0,,,,,,,990.2655526746503,0.0,0.0,0.0,990.2655526746503,0.0,0.0,0.0,,,,,,
2024-06-27 14:00:00,61990.0,62389.22,61696.64,61729.99,2096.81938,0.0001,40,0.0,0.0,unknown,,990.2655526746503,0.0,0.0,,,990.2655526746503,0.0,,unknown,0.0,{},,210.0,,,,,,,990.2655526746503,0.0,0.0,0.0,990.2655526746503,0.0,0.0,0.0,,,,,,
2024-06-27 15:00:00,61730.0,61855.23,61532.45,61576.0,1189.89492,0.0001,40,0.0,0.0,unknown,,990.2655526746503,0.0,0.0,,,990.2655526746503,0.0,,unknown,0.0,{},,211.0,,,,,,,990.2655526746503,0.0,0.0,0.0,990.2655526746503,0.0,0.0,0.0,,,,,,
2024-06-27 16:00:00,61576.0,61829.99,61539.77,61714.57,716.51025,0.0001,40,0.0,0.0,unknown,,990.2655526746503,0.0,0.0,,,990.2655526746503,0.0,,unknown,0.0,{},,212.0,,,,,,,990.2655526746503,0.0,0.0,0.0,990.2655526746503,0.0,0.0,0.0,,,,,,
2024-06-27 17:00:00,61714.58,62015.52,61690.0,61842.11,655.06938,0.0001,40,0.0,0.0,unknown,,990.2655526746503,0.0,0.0,,,990.2655526746503,0.0,,unknown,0.0,{},,213.0,,,,,,,990.2655526746503,0.0,0.0,0.0,990.2655526746503,0.0,0.0,0.0,,,,,,
2024-06-27 18:00:00,61842.11,61930.0,61740.0,61882.39,516.02192,0.0001,40,0.0,0.0,unknown,,990.2655526746503,0.0,0.0,,,990.2655526746503,0.0,,unknown,0.0,{},,214.0,,,,,,,990.2655526746503,0.0,0.0,0.0,990.2655526746503,0.0,0.0,0.0,,,,,,
2024-06-27 19:00:00,61882.39,61890.0,61411.7,61450.0,669.77212,0.0001,40,0.0,0.0,unknown,,990.2655526746503,0.0,0.0,,,990.2655526746503,0.0,,unknown,0.0,{},,215.0,,,,,,,990.2655526746503,0.0,0.0,0.0,990.2655526746503,0.0,0.0,0.0,,,,,,
2024-06-27 20:00:00,61450.0,61582.0,61338.56,61493.11,559.60341,0.0001,40,0.0,0.0,unknown,,990.2655526746503,0.0,0.0,,,990.2655526746503,0.0,,unknown,0.0,{},,216.0,,,,,,,990.2655526746503,0.0,0.0,0.0,990.2655526746503,0.0,0.0,0.0,,,,,,
2024-06-27 21:00:00,61493.11,61587.06,61472.01,61536.04,310.78152,0.0001,40,0.0,0.0,unknown,,990.2655526746503,0.0,0.0,,,990.2655526746503,0.0,,unknown,0.0,{},,217.0,,,,,,,990.2655526746503,0.0,0.0,0.0,990.2655526746503,0.0,0.0,0.0,,,,,,
2024-06-27 22:00:00,61536.04,61672.46,61523.03,61640.01,339.93213,0.0001,40,0.0,0.0,unknown,,990.2655526746503,0.0,0.0,,,990.2655526746503,0.0,,unknown,0.0,{},,218.0,,,,,,,990.2655526746503,0.0,0.0,0.0,990.2655526746503,0.0,0.0,0.0,,,,,,
2024-06-27 23:00:00,61640.01,61719.92,61611.0,61706.47,595.73834,0.0001,40,0.0,0.0,unknown,,990.2655526746503,0.0,0.0,,,990.2655526746503,0.0,,unknown,0.0,{},,219.0,,,,,,,990.2655526746503,0.0,0.0,0.0,990.2655526746503,0.0,0.0,0.0,,,,,,
2024-06-28 00:00:00,61706.46,61729.85,61472.37,61560.0,596.69218,0.0001,47,0.0,0.0,unknown,,990.2655526746503,0.0,0.0,,,990.2655526746503,0.0,,unknown,0.0,{},,220.0,,,,,,,990.2655526746503,0.0,0.0,0.0,990.2655526746503,0.0,0.0,0.0,,,,,,
2024-06-28 01:00:00,61559.99,62225.31,61500.0,62091.99,1166.68712,0.0001,47,0.0,0.0,unknown,,990.2655526746503,0.0,0.0,,,990.2655526746503,0.0,,unknown,0.0,{},,221.0,,,,,,,990.2655526746503,0.0,0.0,0.0,990.2655526746503,0.0,0.0,0.0,,,,,,
2024-06-28 02:00:00,62091.99,62149.77,61584.76,61730.67,1571.98745,0.0001,47,0.0,0.0,unknown,,990.2655526746503,0.0,0.0,,,990.2655526746503,0.0,,unknown,0.0,{},,222.0,,,,,,,990.2655526746503,0.0,0.0,0.0,990.2655526746503,0.0,0.0,0.0,,,,,,
2024-06-28 03:00:00,61730.67,61919.33,61650.01,61828.17,614.97738,0.0001,47,0.0,0.0,unknown,,990.2655526746503,0.0,0.0,,,990.2655526746503,0.0,,unknown,0.0,{},,223.0,,,,,,,990.2655526746503,0.0,0.0,0.0,990.2655526746503,0.0,0.0,0.0,,,,,,
2024-06-28 04:00:00,61828.17,61834.41,61500.07,61750.44,564.53381,0.0001,47,0.0,0.0,unknown,,990.2655526746503,0.0,0.0,,,990.2655526746503,0.0,,unknown,0.0,{},,224.0,,,,,,,990.2655526746503,0.0,0.0,0.0,990.2655526746503,0.0,0.0,0.0,,,,,,
2024-06-28 05:00:00,61750.44,61750.44,61500.0,61604.01,509.45189,0.0001,47,0.0,0.0,unknown,,990.2655526746503,0.0,0.0,,,990.2655526746503,0.0,,unknown,0.0,{},,225.0,,,,,,,990.2655526746503,0.0,0.0,0.0,990.2655526746503,0.0,0.0,0.0,,,,,,
2024-06-28 06:00:00,61604.0,61669.41,61504.48,61620.96,419.18226,0.0001,47,0.0,0.0,unknown,,990.2655526746503,0.0,0.0,,,990.2655526746503,0.0,,unknown,0.0,{},,226.0,,,,,,,990.2655526746503,0.0,0.0,0.0,990.2655526746503,0.0,0.0,0.0,,,,,,
2024-06-28 07:00:00,61620.96,61620.96,61236.0,61350.01,1186.45262,0.0001,47,0.0,0.0,unknown,,990.2655526746503,0.0,0.0,,,990.2655526746503,0.0,,unknown,0.0,{},,227.0,,,,,,,990.2655526746503,0.0,0.0,0.0,990.2655526746503,0.0,0.0,0.0,,,,,,
2024-06-28 08:00:00,61350.01,61480.21,61212.11,61480.21,678.62809,0.0001,47,0.0,0.0,unknown,,990.2655526746503,0.0,0.0,,,990.2655526746503,0.0,,unknown,0.0,{},,228.0,,,,,,,990.2655526746503,0.0,0.0,0.0,990.2655526746503,0.0,0.0,0.0,,,,,,
2024-06-28 09:00:00,61480.21,61592.0,61349.99,61547.55,851.08559,0.0001,47,0.0,0.0,unknown,,990.2655526746503,0.0,0.0,,,990.2655526746503,0.0,,unknown,0.0,{},,229.0,,,,,,,990.2655526746503,0.0,0.0,0.0,990.2655526746503,0.0,0.0,0.0,,,,,,
2024-06-28 10:00:00,61547.55,61595.68,61435.41,61548.14,847.59463,0.0001,47,0.0,0.0,unknown,,990.2655526746503,0.0,0.0,,,990.2655526746503,0.0,,unknown,0.0,{},,230.0,,,,,,,990.2655526746503,0.0,0.0,0.0,990.2655526746503,0.0,0.0,0.0,,,,,,
2024-06-28 11:00:00,61548.14,61792.34,61482.96,61690.0,1020.21818,0.0001,47,0.0,0.0,unknown,,990.2655526746503,0.0,0.0,,,990.2655526746503,0.0,,unknown,0.0,{},,231.0,,,,,,,990.2655526746503,0.0,0.0,0.0,990.2655526746503,0.0,0.0,0.0,,,,,,
2024-06-28 12:00:00,61690.0,61875.0,61275.61,61395.09,2303.90314,0.0001,47,0.0,0.0,unknown,,990.2655526746503,0.0,0.0,,,990.2655526746503,0.0,,unknown,0.0,{},,232.0,,,,,,,990.2655526746503,0.0,0.0,0.0,990.2655526746503,0.0,0.0,0.0,,,,,,
2024-06-28 13:00:00,61395.09,61848.49,61233.92,61297.99,1809.2388,0.0001,47,0.0,0.0,unknown,,990.2655526746503,0.0,0.0,,,990.2655526746503,0.0,,unknown,0.0,{},,233.0,,,,,,,990.2655526746503,0.0,0.0,0.0,990.2655526746503,0.0,0.0,0.0,,,,,,
2024-06-28 14:00:00,61297.99,61510.0,60780.01,60928.02,2188.61778,0.0001,47,0.0,0.0,unknown,,990.2655526746503,0.0,0.0,,,990.2655526746503,0.0,,unknown,0.0,{},,234.0,,,,,,,990.2655526746503,0.0,0.0,0.0,990.2655526746503,0.0,0.0,0.0,,,,,,
2024-06-28 15:00:00,60928.01,61191.62,60751.0,61062.01,1344.07255,0.0001,47,0.0,0.0,unknown,,990.2655526746503,0.0,0.0,,,990.2655526746503,0.0,,unknown,0.0,{},,235.0,,,,,,,990.2655526746503,0.0,0.0,0.0,990.2655526746503,0.0,0.0,0.0,,,,,,
2024-06-28 16:00:00,61062.0,61119.58,60650.0,60940.01,1533.90519,0.0001,47,0.0,0.0,unknown,,990.2655526746503,0.0,0.0,,,990.2655526746503,0.0,,unknown,0.0,{},,236.0,,,,,,,990.2655526746503,0.0,0.0,0.0,990.2655526746503,0.0,0.0,0.0,,,,,,
2024-06-28 17:00:00,60940.01,61076.25,60708.32,60826.63,882.38291,0.0001,47,0.0,0.0,unknown,,990.2655526746503,0.0,0.0,,,990.2655526746503,0.0,,unknown,0.0,{},,237.0,,,,,,,990.2655526746503,0.0,0.0,0.0,990.2655526746503,0.0,0.0,0.0,,,,,,
2024-06-28 18:00:00,60826.63,60870.0,60669.74,60828.02,673.72332,0.0001,47,0.0,0.0,unknown,,990.2655526746503,0.0,0.0,,,990.2655526746503,0.0,,unknown,0.0,{},,238.0,,,,,,,990.2655526746503,0.0,0.0,0.0,990.2655526746503,0.0,0.0,0.0,,,,,,
2024-06-28 19:00:00,60828.02,60849.82,60079.41,60123.73,2041.46353,0.0001,47,0.0,0.0,unknown,,990.2655526746503,0.0,0.0,,,990.2655526746503,0.0,,unknown,0.0,{},,239.0,,,,,,,990.2655526746503,0.0,0.0,0.0,990.2655526746503,0.0,0.0,0.0,,,,,,
2024-06-28 20:00:00,60123.73,60357.93,60063.0,60229.92,814.30975,0.0001,47,0.0,0.0,unknown,,990.2655526746503,0.0,0.0,,,990.2655526746503,0.0,,unknown,0.0,{},,240.0,,,,,,,990.2655526746503,0.0,0.0,0.0,990.2655526746503,0.0,0.0,0.0,,,,,,
2024-06-28 21:00:00,60229.92,60400.0,60132.83,60366.01,463.63378,0.0001,47,0.0,0.0,unknown,,990.2655526746503,0.0,0.0,,,990.2655526746503,0.0,,unknown,0.0,{},,241.0,,,,,,,990.2655526746503,0.0,0.0,0.0,990.2655526746503,0.0,0.0,0.0,,,,,,
2024-06-28 22:00:00,60366.0,60412.4,60293.88,60367.99,408.98193,0.0001,47,0.0,0.0,unknown,,990.2655526746503,0.0,0.0,,,990.2655526746503,0.0,,unknown,0.0,{},,242.0,,,,,,,990.2655526746503,0.0,0.0,0.0,990.2655526746503,0.0,0.0,0.0,,,,,,
2024-06-28 23:00:00,60367.99,60450.0,60360.0,60427.84,329.46867,0.0001,47,0.0,0.0,unknown,,990.2655526746503,0.0,0.0,,,990.2655526746503,0.0,,unknown,0.0,{},,243.0,,,,,,,990.2655526746503,0.0,0.0,0.0,990.2655526746503,0.0,0.0,0.0,,,,,,
2024-06-29 00:00:00,60427.84,60820.0,60383.77,60770.71,1386.17567,0.0001,30,0.0,0.0,unknown,,990.2655526746503,0.0,0.0,,,990.2655526746503,0.0,,unknown,0.0,{},,244.0,,,,,,,990.2655526746503,0.0,0.0,0.0,990.2655526746503,0.0,0.0,0.0,,,,,,
2024-06-29 01:00:00,60770.71,61009.29,60757.04,60901.03,815.03662,0.0001,30,0.0,0.0,unknown,,990.2655526746503,0.0,0.0,,,990.2655526746503,0.0,,unknown,0.0,{},,245.0,,,,,,,990.2655526746503,0.0,0.0,0.0,990.2655526746503,0.0,0.0,0.0,,,,,,
2024-06-29 02:00:00,60901.03,60978.28,60703.53,60766.05,602.8214,0.0001,30,0.0,0.0,unknown,,990.2655526746503,0.0,0.0,,,990.2655526746503,0.0,,unknown,0.0,{},,246.0,,,,,,,990.2655526746503,0.0,0.0,0.0,990.2655526746503,0.0,0.0,0.0,,,,,,
2024-06-29 03:00:00,60766.05,60811.45,60714.04,60762.0,301.13975,0.0001,30,0.0,0.0,unknown,,990.2655526746503,0.0,0.0,,,990.2655526746503,0.0,,unknown,0.0,{},,247.0,,,,,,,990.2655526746503,0.0,0.0,0.0,990.2655526746503,0.0,0.0,0.0,,,,,,
2024-06-29 04:00:00,60762.0,60800.0,60704.46,60773.55,251.11233,0.0001,30,0.0,0.0,unknown,,990.2655526746503,0.0,0.0,,,990.2655526746503,0.0,,unknown,0.0,{},,248.0,,,,,,,990.2655526746503,0.0,0.0,0.0,990.2655526746503,0.0,0.0,0.0,,,,,,
2024-06-29 05:00:00,60773.55,60788.2,60726.05,60762.02,250.05971,0.0001,30,0.0,0.0,unknown,,990.2655526746503,0.0,0.0,,,990.2655526746503,0.0,,unknown,0.0,{},,249.0,,,,,,,990.2655526746503,0.0,0.0,0.0,990.2655526746503,0.0,0.0,0.0,,,,,,
2024-06-29 06:00:00,60762.02,60857.28,60742.08,60847.75,246.69071,0.0001,30,0.0,0.0,unknown,,990.2655526746503,0.0,0.0,,,990.2655526746503,0.0,,unknown,0.0,{},,250.0,,,,,,,990.2655526746503,0.0,0.0,0.0,990.2655526746503,0.0,0.0,0.0,,,,,,
2024-06-29 07:00:00,60847.75,61146.64,60831.44,61052.3,915.03523,0.0001,30,0.0,0.0,unknown,,990.2655526746503,0.0,0.0,,,990.2655526746503,0.0,,unknown,0.0,{},,251.0,,,,,,,990.2655526746503,0.0,0.0,0.0,990.2655526746503,0.0,0.0,0.0,,,,,,
2024-06-29 08:00:00,61052.3,61087.36,60912.72,60982.03,455.52026,0.0001,30,0.0,0.0,unknown,,990.2655526746503,0.0,0.0,,,990.2655526746503,0.0,,unknown,0.0,{},,252.0,,,,,,,990.2655526746503,0.0,0.0,0.0,990.2655526746503,0.0,0.0,0.0,,,,,,
2024-06-29 09:00:00,60982.03,61006.68,60890.03,60970.0,478.67677,0.0001,30,0.0,0.0,unknown,,990.2655526746503,0.0,0.0,,,990.2655526746503,0.0,,unknown,0.0,{},,253.0,,,,,,,990.2655526746503,0.0,0.0,0.0,990.2655526746503,0.0,0.0,0.0,,,,,,
2024-06-29 10:00:00,60970.0,61033.34,60907.8,60994.36,461.93585,0.0001,30,0.0,0.0,unknown,,990.2655526746503,0.0,0.0,,,990.2655526746503,0.0,,unknown,0.0,{},,254.0,,,,,,,990.2655526746503,0.0,0.0,0.0,990.2655526746503,0.0,0.0,0.0,,,,,,
2024-06-29 11:00:00,60994.36,61224.0,60923.74,61102.33,894.28566,0.0001,30,0.0,0.0,unknown,,990.2655526746503,0.0,0.0,,,990.2655526746503,0.0,,unknown,0.0,{},,255.0,,,,,,,990.2655526746503,0.0,0.0,0.0,990.2655526746503,0.0,0.0,0.0,,,,,,
2024-06-29 12:00:00,61102.33,61161.8,60990.74,61045.43,572.24837,0.0001,30,0.0,0.0,unknown,,990.2655526746503,0.0,0.0,,,990.2655526746503,0.0,,unknown,0.0,{},,256.0,,,,,,,990.2655526746503,0.0,0.0,0.0,990.2655526746503,0.0,0.0,0.0,,,,,,
2024-06-29 13:00:00,61045.43,61182.7,61010.0,61102.98,517.96661,0.0001,30,0.0,0.0,unknown,,990.2655526746503,0.0,0.0,,,990.2655526746503,0.0,,unknown,0.0,{},,257.0,,,,,,,990.2655526746503,0.0,0.0,0.0,990.2655526746503,0.0,0.0,0.0,,,,,,
2024-06-29 14:00:00,61102.98,61160.0,60949.67,61018.01,542.43096,0.0001,30,0.0,0.0,unknown,,990.2655526746503,0.0,0.0,,,990.2655526746503,0.0,,unknown,0.0,{},,258.0,,,,,,,990.2655526746503,0.0,0.0,0.0,990.2655526746503,0.0,0.0,0.0,,,,,,
2024-06-29 15:00:00,61018.01,61106.0,60956.79,61106.0,364.18703,0.0001,30,0.0,0.0,unknown,,990.2655526746503,0.0,0.0,,,990.2655526746503,0.0,,unknown,0.0,{},,259.0,,,,,,,990.2655526746503,0.0,0.0,0.0,990.2655526746503,0.0,0.0,0.0,,,,,,
2024-06-29 16:00:00,61106.0,61124.0,60915.12,61009.91,386.68835,0.0001,30,0.0,0.0,unknown,,990.2655526746503,0.0,0.0,,,990.2655526746503,0.0,,unknown,0.0,{},,260.0,,,,,,,990.2655526746503,0.0,0.0,0.0,990.2655526746503,0.0,0.0,0.0,,,,,,
2024-06-29 17:00:00,61009.91,61060.98,60937.03,61040.77,339.98388,0.0001,30,0.0,0.0,unknown,,990.2655526746503,0.0,0.0,,,990.2655526746503,0.0,,unknown,0.0,{},,261.0,,,,,,,990.2655526746503,0.0,0.0,0.0,990.2655526746503,0.0,0.0,0.0,,,,,,
2024-06-29 18:00:00,61040.77,61065.0,60990.0,61059.04,232.46287,0.0001,30,0.0,0.0,unknown,,990.2655526746503,0.0,0.0,,,990.2655526746503,0.0,,unknown,0.0,{},,262.0,,,,,,,990.2655526746503,0.0,0.0,0.0,990.2655526746503,0.0,0.0,0.0,,,,,,
2024-06-29 19:00:00,61059.04,61080.0,60933.98,61057.39,291.28873,0.0001,30,0.0,0.0,unknown,,990.2655526746503,0.0,0.0,,,990.2655526746503,0.0,,unknown,0.0,{},,263.0,,,,,,,990.2655526746503,0.0,0.0,0.0,990.2655526746503,0.0,0.0,0.0,,,,,,
2024-06-29 20:00:00,61057.38,61088.4,60970.0,61050.0,319.46435,0.0001,30,0.0,0.0,unknown,,990.2655526746503,0.0,0.0,,,990.2655526746503,0.0,,unknown,0.0,{},,264.0,,,,,,,990.2655526746503,0.0,0.0,0.0,990.2655526746503,0.0,0.0,0.0,,,,,,
2024-06-29 21:00:00,61050.0,61090.0,60944.94,61044.99,319.53467,0.0001,30,0.0,0.0,unknown,,990.2655526746503,0.0,0.0,,,990.2655526746503,0.0,,unknown,0.0,{},,265.0,,,,,,,990.2655526746503,0.0,0.0,0.0,990.2655526746503,0.0,0.0,0.0,,,,,,
2024-06-29 22:00:00,61044.99,61060.0,60839.51,60970.0,362.76005,0.0001,30,0.0,0.0,unknown,,990.2655526746503,0.0,0.0,,,990.2655526746503,0.0,,unknown,0.0,{},,266.0,,,,,,,990.2655526746503,0.0,0.0,0.0,990.2655526746503,0.0,0.0,0.0,,,,,,
2024-06-29 23:00:00,60970.0,61059.37,60940.0,60986.68,202.05321,0.0001,30,0.0,0.0,unknown,,990.2655526746503,0.0,0.0,,,990.2655526746503,0.0,,unknown,0.0,{},,267.0,,,,,,,990.2655526746503,0.0,0.0,0.0,990.2655526746503,0.0,0.0,0.0,,,,,,
2024-06-30 00:00:00,60986.68,61078.01,60922.0,61024.55,362.93786,0.0001,47,0.0,0.0,unknown,,990.2655526746503,0.0,0.0,,,990.2655526746503,0.0,,unknown,0.0,{},,268.0,,,,,,,990.2655526746503,0.0,0.0,0.0,990.2655526746503,0.0,0.0,0.0,,,,,,
2024-06-30 01:00:00,61024.55,61043.44,60930.03,60961.99,340.23076,0.0001,47,0.0,0.0,unknown,,990.2655526746503,0.0,0.0,,,990.2655526746503,0.0,,unknown,0.0,{},,269.0,,,,,,,990.2655526746503,0.0,0.0,0.0,990.2655526746503,0.0,0.0,0.0,,,,,,
2024-06-30 02:00:00,60961.99,60961.99,60740.94,60834.27,779.37325,0.0001,47,0.0,0.0,unknown,,990.2655526746503,0.0,0.0,,,990.2655526746503,0.0,,unknown,0.0,{},,270.0,,,,,,,990.2655526746503,0.0,0.0,0.0,990.2655526746503,0.0,0.0,0.0,,,,,,
2024-06-30 03:00:00,60834.27,60949.36,60791.98,60898.32,323.57561,0.0001,47,0.0,0.0,unknown,,990.2655526746503,0.0,0.0,,,990.2655526746503,0.0,,unknown,0.0,{},,271.0,,,,,,,990.2655526746503,0.0,0.0,0.0,990.2655526746503,0.0,0.0,0.0,,,,,,
2024-06-30 04:00:00,60898.32,60901.2,60765.18,60777.55,271.34112,0.0001,47,0.0,0.0,unknown,,990.2655526746503,0.0,0.0,,,990.2655526746503,0.0,,unknown,0.0,{},,272.0,,,,,,,990.2655526746503,0.0,0.0,0.0,990.2655526746503,0.0,0.0,0.0,,,,,,
2024-06-30 05:00:00,60777.54,60809.99,60712.21,60789.26,291.90375,0.0001,47,0.0,0.0,unknown,,990.2655526746503,0.0,0.0,,,990.2655526746503,0.0,,unknown,0.0,{},,273.0,,,,,,,990.2655526746503,0.0,0.0,0.0,990.2655526746503,0.0,0.0,0.0,,,,,,
2024-06-30 06:00:00,60789.26,61040.18,60771.33,61040.18,434.42125,0.0001,47,0.0,0.0,unknown,,990.2655526746503,0.0,0.0,,,990.2655526746503,0.0,,unknown,0.0,{},,274.0,,,,,,,990.2655526746503,0.0,0.0,0.0,990.2655526746503,0.0,0.0,0.0,,,,,,
2024-06-30 07:00:00,61040.17,61782.0,61040.17,61528.01,2146.12361,0.0001,47,0.0,0.0,unknown,,990.2655526746503,0.0,0.0,,,990.2655526746503,0.0,,unknown,0.0,{},,275.0,,,,,,,990.2655526746503,0.0,0.0,0.0,990.2655526746503,0.0,0.0,0.0,,,,,,
2024-06-30 08:00:00,61528.01,61608.07,61393.07,61556.01,715.99557,0.0001,47,0.0,0.0,unknown,,990.2655526746503,0.0,0.0,,,990.2655526746503,0.0,,unknown,0.0,{},,276.0,,,,,,,990.2655526746503,0.0,0.0,0.0,990.2655526746503,0.0,0.0,0.0,,,,,,
2024-06-30 09:00:00,61556.0,61713.65,61511.11,61529.7,632.89719,0.0001,47,0.0,0.0,unknown,,990.2655526746503,0.0,0.0,,,990.2655526746503,0.0,,unknown,0.0,{},,277.0,,,,,,,990.2655526746503,0.0,0.0,0.0,990.2655526746503,0.0,0.0,0.0,,,,,,
2024-06-30 10:00:00,61529.7,61634.72,61504.42,61540.0,379.8306,0.0001,47,0.0,0.0,unknown,,990.2655526746503,0.0,0.0,,,990.2655526746503,0.0,,unknown,0.0,{},,278.0,,,,,,,990.2655526746503,0.0,0.0,0.0,990.2655526746503,0.0,0.0,0.0,,,,,,
2024-06-30 11:00:00,61540.0,61668.0,61524.51,61560.0,624.88318,0.0001,47,0.0,0.0,unknown,,990.2655526746503,0.0,0.0,,,990.2655526746503,0.0,,unknown,0.0,{},,279.0,,,,,,,990.2655526746503,0.0,0.0,0.0,990.2655526746503,0.0,0.0,0.0,,,,,,
2024-06-30 12:00:00,61560.0,61660.0,61346.0,61496.0,533.79097,0.0001,47,0.0,0.0,unknown,,990.2655526746503,0.0,0.0,,,990.2655526746503,0.0,,unknown,0.0,{},,280.0,,,,,,,990.2655526746503,0.0,0.0,0.0,990.2655526746503,0.0,0.0,0.0,,,,,,
2024-06-30 13:00:00,61496.0,61747.0,61456.34,61719.61,738.73927,0.0001,47,0.0,0.0,unknown,,990.2655526746503,0.0,0.0,,,990.2655526746503,0.0,,unknown,0.0,{},,281.0,,,,,,,990.2655526746503,0.0,0.0,0.0,990.2655526746503,0.0,0.0,0.0,,,,,,
2024-06-30 14:00:00,61719.61,61860.0,61528.16,61587.11,880.16588,0.0001,47,0.0,0.0,unknown,,990.2655526746503,0.0,0.0,,,990.2655526746503,0.0,,unknown,0.0,{},,282.0,,,,,,,990.2655526746503,0.0,0.0,0.0,990.2655526746503,0.0,0.0,0.0,,,,,,
2024-06-30 15:00:00,61587.11,61776.71,61587.1,61717.9,512.18463,0.0001,47,0.0,0.0,unknown,,990.2655526746503,0.0,0.0,,,990.2655526746503,0.0,,unknown,0.0,{},,283.0,,,,,,,990.2655526746503,0.0,0.0,0.0,990.2655526746503,0.0,0.0,0.0,,,,,,
2024-06-30 16:00:00,61717.9,61749.08,61590.01,61603.54,407.98837,0.0001,47,0.0,0.0,unknown,,990.2655526746503,0.0,0.0,,,990.2655526746503,0.0,,unknown,0.0,{},,284.0,,,,,,,990.2655526746503,0.0,0.0,0.0,990.2655526746503,0.0,0.0,0.0,,,,,,
2024-06-30 17:00:00,61603.54,61864.01,61603.54,61707.99,754.34647,0.0001,47,0.0,0.0,unknown,,990.2655526746503,0.0,0.0,,,990.2655526746503,0.0,,unknown,0.0,{},,285.0,,,,,,,990.2655526746503,0.0,0.0,0.0,990.2655526746503,0.0,0.0,0.0,,,,,,
2024-06-30 18:00:00,61707.99,62109.81,61674.25,62055.31,745.67203,0.0001,47,0.0,0.0,unknown,,990.2655526746503,0.0,0.0,,,990.2655526746503,0.0,,unknown,0.0,{},,286.0,,,,,,,990.2655526746503,0.0,0.0,0.0,990.2655526746503,0.0,0.0,0.0,,,,,,
2024-06-30 19:00:00,62055.3,62100.0,61892.0,62026.83,585.15229,0.0001,47,0.0,0.0,unknown,,990.2655526746503,0.0,0.0,,,990.2655526746503,0.0,,unknown,0.0,{},,287.0,,,,,,,990.2655526746503,0.0,0.0,0.0,990.2655526746503,0.0,0.0,0.0,,,,,,
2024-06-30 20:00:00,62026.83,62412.42,61980.92,61990.01,1400.34505,0.0001,47,0.0,0.0,unknown,,990.2655526746503,0.0,0.0,,,990.2655526746503,0.0,,unknown,0.0,{},,288.0,,,,,,,990.2655526746503,0.0,0.0,0.0,990.2655526746503,0.0,0.0,0.0,,,,,,
2024-06-30 21:00:00,61990.0,62014.0,61835.2,61940.01,480.99924,0.0001,47,0.0,0.0,unknown,,990.2655526746503,0.0,0.0,,,990.2655526746503,0.0,,unknown,0.0,{},,289.0,,,,,,,990.2655526746503,0.0,0.0,0.0,990.2655526746503,0.0,0.0,0.0,,,,,,
2024-06-30 22:00:00,61940.0,62952.2,61940.0,62901.01,2054.44523,0.0001,47,0.0,0.0,unknown,,990.2655526746503,0.0,0.0,,,990.2655526746503,0.0,,unknown,0.0,{},,290.0,,,,,,,990.2655526746503,0.0,0.0,0.0,990.2655526746503,0.0,0.0,0.0,,,,,,
2024-06-30 23:00:00,62901.0,63058.76,62762.32,62772.01,928.95818,0.0001,47,0.0,0.0,unknown,,990.2655526746503,0.0,0.0,,,990.2655526746503,0.0,,unknown,0.0,{},,291.0,,,,,,,990.2655526746503,0.0,0.0,0.0,990.2655526746503,0.0,0.0,0.0,,,,,,
2024-07-01 00:00:00,62772.01,62944.0,62573.32,62931.99,987.12645,0.0001,53,0.0,0.0,unknown,,990.2655526746503,0.0,0.0,,,990.2655526746503,0.0,,unknown,0.0,{},,292.0,,,,,,,990.2655526746503,0.0,0.0,0.0,990.2655526746503,0.0,0.0,0.0,,,,,,
2024-07-01 01:00:00,62931.98,63730.0,62901.71,63640.82,2570.40171,0.0001,53,0.0,0.0,unknown,,990.2655526746503,0.0,0.0,,,990.2655526746503,0.0,,unknown,0.0,{},,293.0,,,,,,,990.2655526746503,0.0,0.0,0.0,990.2655526746503,0.0,0.0,0.0,,,,,,
2024-07-01 02:00:00,63640.81,63818.33,63288.53,63435.86,2037.33231,0.0001,53,0.0,0.0,unknown,,990.2655526746503,0.0,0.0,,,990.2655526746503,0.0,,unknown,0.0,{},,294.0,,,,,,,990.2655526746503,0.0,0.0,0.0,990.2655526746503,0.0,0.0,0.0,,,,,,
2024-07-01 03:00:00,63435.86,63536.47,63340.0,63437.69,1264.46281,0.0001,53,0.0,0.0,unknown,,990.2655526746503,0.0,0.0,,,990.2655526746503,0.0,,unknown,0.0,{},,295.0,,,,,,,990.2655526746503,0.0,0.0,0.0,990.2655526746503,0.0,0.0,0.0,,,,,,
2024-07-01 04:00:00,63437.69,63466.92,63223.2,63279.79,517.1528,0.0001,53,0.0,0.0,unknown,,990.2655526746503,0.0,0.0,,,990.2655526746503,0.0,,unknown,0.0,{},,296.0,,,,,,,990.2655526746503,0.0,0.0,0.0,990.2655526746503,0.0,0.0,0.0,,,,,,
2024-07-01 05:00:00,63279.79,63457.47,63262.0,63432.94,418.26492,0.0001,53,0.0,0.0,unknown,,990.2655526746503,0.0,0.0,,,990.2655526746503,0.0,,unknown,0.0,{},,297.0,,,,,,,990.2655526746503,0.0,0.0,0.0,990.2655526746503,0.0,0.0,0.0,,,,,,
2024-07-01 06:00:00,63432.94,63464.74,63293.75,63404.0,526.6083,0.0001,53,0.0,0.0,unknown,,990.2655526746503,0.0,0.0,,,990.2655526746503,0.0,,unknown,0.0,{},,298.0,,,,,,,990.2655526746503,0.0,0.0,0.0,990.2655526746503,0.0,0.0,0.0,,,,,,
2024-07-01 07:00:00,63403.99,63432.0,63260.71,63277.84,486.84295,0.0001,53,0.0,0.0,unknown,,990.2655526746503,0.0,0.0,,,990.2655526746503,0.0,,unknown,0.0,{},,299.0,,,,,,,990.2655526746503,0.0,0.0,0.0,990.2655526746503,0.0,0.0,0.0,,,,,,
2024-07-01 08:00:00,63277.84,63314.99,62836.47,62923.91,1388.89036,0.0001,53,0.0,0.0,unknown,,990.2655526746503,0.0,0.0,,,990.2655526746503,0.0,,unknown,0.0,{},,300.0,,,,,,,990.2655526746503,0.0,0.0,0.0,990.2655526746503,0.0,0.0,0.0,,,,,,
2024-07-01 09:00:00,62923.91,62997.98,62789.16,62938.97,731.18198,0.0001,53,0.0,0.0,unknown,,990.2655526746503,0.0,0.0,,,990.2655526746503,0.0,,unknown,0.0,{},,301.0,,,,,,,990.2655526746503,0.0,0.0,0.0,990.2655526746503,0.0,0.0,0.0,,,,,,
2024-07-01 10:00:00,62938.97,62977.99,62781.05,62852.24,615.27621,0.0001,53,0.0,0.0,unknown,,990.2655526746503,0.0,0.0,,,990.2655526746503,0.0,,unknown,0.0,{},,302.0,,,,,,,990.2655526746503,0.0,0.0,0.0,990.2655526746503,0.0,0.0,0.0,,,,,,
2024-07-01 11:00:00,62852.24,62858.0,62593.07,62662.09,1009.76623,0.0001,53,0.0,0.0,unknown,,990.2655526746503,0.0,0.0,,,990.2655526746503,0.0,,unknown,0.0,{},,303.0,,,,,,,990.2655526746503,0.0,0.0,0.0,990.2655526746503,0.0,0.0,0.0,,,,,,
2024-07-01 12:00:00,62662.09,62900.0,62641.99,62882.0,684.19991,0.0001,53,0.0,0.0,unknown,,990.2655526746503,0.0,0.0,,,990.2655526746503,0.0,,unknown,0.0,{},,304.0,,,,,,,990.2655526746503,0.0,0.0,0.0,990.2655526746503,0.0,0.0,0.0,,,,,,
2024-07-01 13:00:00,62882.0,63081.11,62497.2,62685.27,1326.77132,0.0001,53,0.0,0.0,unknown,,990.2655526746503,0.0,0.0,,,990.2655526746503,0.0,,unknown,0.0,{},,305.0,,,,,,,990.2655526746503,0.0,0.0,0.0,990.2655526746503,0.0,0.0,0.0,,,,,,
2024-07-01 14:00:00,62685.27,62944.0,62610.35,62826.02,1425.79805,0.0001,53,0.0,0.0,unknown,,990.2655526746503,0.0,0.0,,,990.2655526746503,0.0,,unknown,0.0,{},,306.0,,,,,,,990.2655526746503,0.0,0.0,0.0,990.2655526746503,0.0,0.0,0.0,,,,,,
2024-07-01 15:00:00,62826.02,63166.11,62815.63,63132.9,1077.93682,0.0001,53,0.0,0.0,unknown,,990.2655526746503,0.0,0.0,,,990.2655526746503,0.0,,unknown,0.0,{},,307.0,,,,,,,990.2655526746503,0.0,0.0,0.0,990.2655526746503,0.0,0.0,0.0,,,,,,
2024-07-01 16:00:00,63132.9,63338.12,62966.77,63119.33,1324.97385,0.0001,53,0.0,0.0,unknown,,990.2655526746503,0.0,0.0,,,990.2655526746503,0.0,,unknown,0.0,{},,308.0,,,,,,,990.2655526746503,0.0,0.0,0.0,990.2655526746503,0.0,0.0,0.0,,,,,,
2024-07-01 17:00:00,63119.33,63697.66,63056.83,63697.66,1361.75841,0.0001,53,0.0,0.0,unknown,,990.2655526746503,0.0,0.0,,,990.2655526746503,0.0,,unknown,0.0,{},,309.0,,,,,,,990.2655526746503,0.0,0.0,0.0,990.2655526746503,0.0,0.0,0.0,,,,,,
2024-07-01 18:00:00,63697.66,63861.76,63438.45,63649.99,1532.83742,0.0001,53,0.0,0.0,unknown,,990.2655526746503,0.0,0.0,,,990.2655526746503,0.0,,unknown,0.0,{},,310.0,,,,,,,990.2655526746503,0.0,0.0,0.0,990.2655526746503,0.0,0.0,0.0,,,,,,
2024-07-01 19:00:00,63649.99,63649.99,63071.36,63226.78,1260.38786,0.0001,53,0.0,0.0,unknown,,990.2655526746503,0.0,0.0,,,990.2655526746503,0.0,,unknown,0.0,{},,311.0,,,,,,,990.2655526746503,0.0,0.0,0.0,990.2655526746503,0.0,0.0,0.0,,,,,,
2024-07-01 20:00:00,63226.78,63423.48,63162.06,63292.53,543.30696,0.0001,53,0.0,0.0,unknown,,990.2655526746503,0.0,0.0,,,990.2655526746503,0.0,,unknown,0.0,{},,312.0,,,,,,,990.2655526746503,0.0,0.0,0.0,990.2655526746503,0.0,0.0,0.0,,,,,,
2024-07-01 21:00:00,63292.53,63292.53,63036.82,63130.01,342.5251,0.0001,53,0.0,0.0,unknown,,990.2655526746503,0.0,0.0,,,990.2655526746503,0.0,,unknown,0.0,{},,313.0,,,,,,,990.2655526746503,0.0,0.0,0.0,990.2655526746503,0.0,0.0,0.0,,,,,,
